=~=~=~=~=~=~=~=~=~=~=~= PuTTY log 2024.11.15 14:10:46 =~=~=~=~=~=~=~=~=~=~=~=
Vibration OFF
Down threshold:   f_down_thr = 572
Up threshold:   f_up_thr = 444
Trial 2 started
time, up, down, lbl_up, lbl_down
0.0000, 486, 606, 0, 0
0.0100, 486, 606, 0, 0
0.0340, 486, 606, 0, 0
0.0600, 486, 606, 0, 0
0.0850, 485, 606, 0, 0
0.1090, 486, 606, 0, 0
0.1350, 486, 606, 0, 0
0.1590, 486, 606, 0, 0
0.1840, 485, 606, 0, 0
0.2090, 485, 606, 0, 0
0.2340, 485, 606, 0, 0
0.2600, 485, 606, 0, 0
0.2840, 485, 607, 0, 0
0.3090, 485, 606, 0, 0
0.3340, 486, 606, 0, 0
0.3590, 485, 606, 0, 0
0.3840, 485, 607, 0, 0
0.4090, 486, 606, 0, 0
0.4340, 486, 607, 0, 0
0.4590, 487, 0, 0, 1
0.4820, 488, 0, 0, 1
0.5040, 489, 0, 0, 1
0.5280, 490, 0, 0, 1
0.5500, 491, 0, 0, 1
0.5730, 492, 0, 0, 1
0.5970, 493, 0, 0, 1
0.6190, 494, 0, 0, 1
0.6420, 495, 0, 0, 1
0.6650, 496, 0, 0, 1
0.6880, 497, 0, 0, 1
0.7100, 498, 0, 0, 1
0.7340, 499, 0, 0, 1
0.7560, 500, 0, 0, 1
0.7790, 501, 0, 0, 1
0.8020, 502, 0, 0, 1
0.8250, 503, 0, 0, 1
0.8470, 504, 0, 0, 1
0.8710, 505, 0, 0, 1
0.8940, 507, 0, 0, 1
0.9160, 508, 0, 0, 1
0.9400, 508, 0, 0, 1
0.9620, 509, 0, 0, 1
0.9850, 509, 0, 0, 1
1.0080, 509, 0, 0, 1
1.0310, 510, 0, 0, 1
1.0530, 509, 0, 0, 1
1.0770, 509, 0, 0, 1
1.0990, 509, 0, 0, 1
1.1230, 509, 0, 0, 1
1.1450, 508, 0, 0, 1
1.1680, 507, 0, 0, 1
1.1910, 505, 0, 0, 1
1.2140, 503, 0, 0, 1
1.2370, 500, 0, 0, 1
1.2600, 498, 0, 0, 1
1.2830, 494, 0, 0, 1
1.3050, 491, 0, 0, 1
1.3290, 490, 0, 0, 1
1.3510, 489, 0, 0, 1
1.3740, 488, 0, 0, 1
1.3970, 486, 0, 0, 1
1.4200, 484, 0, 0, 1
1.4420, 484, 0, 0, 1
1.4660, 483, 0, 0, 1
1.4880, 485, 0, 0, 1
1.5110, 486, 0, 0, 1
1.5350, 487, 0, 0, 1
1.5570, 488, 0, 0, 1
1.5800, 488, 610, 0, 0
1.6050, 487, 610, 0, 0
1.6300, 487, 610, 0, 0
1.6550, 487, 610, 0, 0
1.6800, 489, 609, 0, 0
1.7050, 491, 609, 0, 0
1.7300, 493, 609, 0, 0
1.7550, 496, 607, 0, 0
1.7790, 496, 608, 0, 0
1.8050, 496, 608, 0, 0
1.8290, 494, 608, 0, 0
1.8550, 493, 609, 0, 0
1.8800, 494, 609, 0, 0
1.9040, 494, 608, 0, 0
1.9300, 495, 608, 0, 0
1.9540, 495, 608, 0, 0
1.9790, 491, 608, 0, 0
2.0050, 486, 610, 0, 0
2.0290, 483, 611, 0, 0
2.0550, 483, 612, 0, 0
2.0790, 483, 612, 0, 0
2.1040, 483, 612, 0, 0
2.1290, 484, 612, 0, 0
2.1540, 483, 612, 0, 0
2.1790, 480, 613, 0, 0
2.2040, 477, 613, 0, 0
2.2290, 475, 613, 0, 0
2.2540, 472, 614, 0, 0
2.2790, 470, 614, 0, 0
2.3040, 469, 614, 0, 0
2.3290, 468, 614, 0, 0
2.3540, 467, 615, 0, 0
2.3780, 468, 615, 0, 0
2.4040, 468, 615, 0, 0
2.4280, 468, 614, 0, 0
2.4540, 470, 615, 0, 0
2.4790, 470, 615, 0, 0
2.5030, 471, 615, 0, 0
2.5290, 472, 615, 0, 0
2.5530, 473, 615, 0, 0
2.5780, 473, 0, 0, 1
2.6020, 475, 0, 0, 1
2.6240, 475, 0, 0, 1
2.6470, 478, 0, 0, 1
2.6700, 480, 0, 0, 1
2.6930, 483, 0, 0, 1
2.7150, 486, 0, 0, 1
2.7390, 488, 0, 0, 1
2.7610, 491, 0, 0, 1
2.7840, 493, 0, 0, 1
2.8070, 494, 0, 0, 1
2.8300, 497, 0, 0, 1
2.8530, 499, 0, 0, 1
2.8760, 500, 0, 0, 1
2.8980, 502, 0, 0, 1
2.9220, 504, 0, 0, 1
2.9450, 506, 0, 0, 1
2.9670, 507, 0, 0, 1
2.9910, 509, 0, 0, 1
3.0130, 510, 0, 0, 1
3.0360, 511, 0, 0, 1
3.0590, 511, 0, 0, 1
3.0820, 511, 0, 0, 1
3.1040, 511, 0, 0, 1
3.1280, 510, 0, 0, 1
3.1500, 509, 0, 0, 1
3.1730, 507, 0, 0, 1
3.1960, 505, 0, 0, 1
3.2190, 501, 0, 0, 1
3.2420, 499, 0, 0, 1
3.2650, 494, 0, 0, 1
3.2880, 490, 0, 0, 1
3.3100, 484, 0, 0, 1
3.3340, 478, 0, 0, 1
3.3560, 471, 0, 0, 1
3.3790, 467, 0, 0, 1
3.4020, 466, 0, 0, 1
3.4250, 466, 0, 0, 1
3.4470, 466, 0, 0, 1
3.4710, 467, 0, 0, 1
3.4930, 468, 613, 0, 0
3.5190, 466, 613, 0, 0
3.5440, 466, 613, 0, 0
3.5680, 467, 612, 0, 0
3.5940, 469, 612, 0, 0
3.6180, 472, 612, 0, 0
3.6430, 474, 611, 0, 0
3.6690, 474, 0, 0, 1
3.6910, 475, 0, 0, 1
3.7140, 475, 611, 0, 0
3.7390, 475, 610, 0, 0
3.7640, 478, 610, 0, 0
3.7890, 480, 608, 0, 0
3.8140, 483, 608, 0, 0
3.8390, 483, 608, 0, 0
3.8640, 483, 608, 0, 0
3.8890, 482, 609, 0, 0
3.9130, 481, 610, 0, 0
3.9390, 482, 610, 0, 0
3.9630, 482, 611, 0, 0
3.9890, 484, 610, 0, 0
4.0140, 485, 611, 0, 0
4.0380, 483, 611, 0, 0
4.0640, 480, 612, 0, 0
4.0880, 477, 613, 0, 0
4.1130, 475, 613, 0, 0
4.1390, 475, 614, 0, 0
4.1630, 475, 614, 0, 0
4.1890, 474, 614, 0, 0
4.2130, 474, 614, 0, 0
4.2380, 472, 614, 0, 0
4.2630, 471, 614, 0, 0
4.2880, 470, 614, 0, 0
4.3130, 470, 614, 0, 0
4.3380, 472, 614, 0, 0
4.3630, 473, 614, 0, 0
4.3880, 475, 614, 0, 0
4.4130, 476, 0, 0, 1
4.4360, 478, 612, 0, 0
4.4610, 479, 611, 0, 0
4.4860, 480, 0, 0, 1
4.5080, 483, 0, 0, 1
4.5320, 485, 0, 0, 1
4.5540, 488, 0, 0, 1
4.5770, 490, 0, 0, 1
4.6000, 494, 0, 0, 1
4.6230, 498, 0, 0, 1
4.6450, 501, 0, 0, 1
4.6690, 504, 0, 0, 1
4.6920, 506, 0, 0, 1
4.7140, 509, 0, 0, 1
4.7380, 511, 0, 0, 1
4.7600, 513, 0, 0, 1
4.7840, 515, 0, 0, 1
4.8060, 517, 0, 0, 1
4.8290, 518, 0, 0, 1
4.8520, 519, 0, 0, 1
4.8750, 520, 0, 0, 1
4.8970, 521, 0, 0, 1
4.9210, 523, 0, 0, 1
4.9430, 524, 0, 0, 1
4.9660, 524, 0, 0, 1
4.9900, 523, 0, 0, 1
5.0120, 523, 0, 0, 1
5.0350, 522, 0, 0, 1
5.0580, 521, 0, 0, 1
5.0810, 520, 0, 0, 1
5.1030, 518, 0, 0, 1
5.1270, 516, 0, 0, 1
5.1490, 512, 0, 0, 1
5.1720, 509, 0, 0, 1
5.1950, 505, 0, 0, 1
5.2180, 500, 0, 0, 1
5.2400, 496, 0, 0, 1
5.2640, 491, 0, 0, 1
5.2860, 488, 0, 0, 1
5.3090, 484, 0, 0, 1
5.3330, 481, 0, 0, 1
5.3550, 479, 0, 0, 1
5.3780, 477, 0, 0, 1
5.4010, 477, 0, 0, 1
5.4240, 476, 611, 0, 0
5.4490, 476, 0, 0, 1
5.4720, 475, 611, 0, 0
5.4960, 475, 612, 0, 0
5.5220, 476, 613, 0, 0
5.5470, 476, 613, 0, 0
5.5710, 477, 613, 0, 0
5.5970, 478, 613, 0, 0
5.6210, 479, 613, 0, 0
5.6460, 481, 613, 0, 0
5.6710, 482, 613, 0, 0
5.6960, 481, 613, 0, 0
5.7220, 480, 613, 0, 0
5.7460, 479, 613, 0, 0
5.7710, 479, 614, 0, 0
5.7960, 479, 614, 0, 0
5.8210, 478, 615, 0, 0
5.8460, 475, 614, 0, 0
5.8710, 471, 615, 0, 0
5.8960, 465, 616, 0, 0
5.9210, 462, 618, 0, 0
5.9460, 459, 618, 0, 0
5.9700, 458, 618, 0, 0
5.9960, 458, 618, 0, 0
6.0210, 458, 618, 0, 0
6.0450, 457, 618, 0, 0
6.0710, 457, 617, 0, 0
6.0950, 457, 617, 0, 0
6.1210, 457, 617, 0, 0
6.1460, 458, 617, 0, 0
6.1700, 461, 616, 0, 0
6.1960, 463, 611, 0, 0
6.2200, 464, 615, 0, 0
6.2450, 466, 0, 0, 1
6.2680, 467, 0, 0, 1
6.2910, 468, 0, 0, 1
6.3150, 470, 0, 0, 1
6.3370, 472, 0, 0, 1
6.3600, 474, 0, 0, 1
6.3830, 476, 0, 0, 1
6.4060, 478, 0, 0, 1
6.4280, 480, 0, 0, 1
6.4520, 483, 0, 0, 1
6.4740, 485, 0, 0, 1
6.4970, 487, 0, 0, 1
6.5200, 489, 0, 0, 1
6.5430, 492, 0, 0, 1
6.5650, 495, 0, 0, 1
6.5890, 499, 0, 0, 1
6.6120, 503, 0, 0, 1
6.6340, 506, 0, 0, 1
6.6580, 511, 0, 0, 1
6.6800, 513, 0, 0, 1
6.7030, 515, 0, 0, 1
6.7260, 516, 0, 0, 1
6.7490, 516, 0, 0, 1
6.7710, 516, 0, 0, 1
6.7950, 516, 0, 0, 1
6.8170, 516, 0, 0, 1
6.8400, 515, 0, 0, 1
6.8630, 513, 0, 0, 1
6.8860, 511, 0, 0, 1
6.9080, 507, 0, 0, 1
6.9320, 502, 0, 0, 1
6.9550, 496, 0, 0, 1
6.9770, 491, 0, 0, 1
7.0010, 485, 0, 0, 1
7.0230, 481, 0, 0, 1
7.0470, 479, 614, 0, 0
7.0710, 477, 614, 0, 0
7.0960, 477, 615, 0, 0
7.1210, 476, 616, 0, 0
7.1460, 476, 616, 0, 0
7.1710, 478, 616, 0, 0
7.1960, 480, 0, 0, 1
7.2190, 479, 616, 0, 0
7.2430, 479, 616, 0, 0
7.2690, 479, 616, 0, 0
7.2940, 478, 617, 0, 0
7.3190, 477, 617, 0, 0
7.3440, 478, 617, 0, 0
7.3680, 479, 616, 0, 0
7.3940, 480, 617, 0, 0
7.4180, 480, 0, 0, 1
7.4410, 479, 0, 0, 1
7.4650, 478, 0, 0, 1
7.4870, 477, 617, 0, 0
7.5130, 475, 617, 0, 0
7.5370, 470, 617, 0, 0
7.5620, 467, 618, 0, 0
7.5870, 466, 619, 0, 0
7.6120, 466, 619, 0, 0
7.6370, 466, 618, 0, 0
7.6620, 467, 615, 0, 0
7.6870, 467, 0, 0, 1
7.7090, 467, 603, 0, 0
7.7350, 468, 618, 0, 0
7.7590, 469, 618, 0, 0
7.7850, 470, 618, 0, 0
7.8100, 471, 618, 0, 0
7.8340, 472, 618, 0, 0
7.8600, 474, 618, 0, 0
7.8840, 475, 0, 0, 1
7.9070, 477, 0, 0, 1
7.9300, 479, 0, 0, 1
7.9530, 481, 0, 0, 1
7.9750, 483, 0, 0, 1
7.9990, 485, 0, 0, 1
8.0220, 488, 0, 0, 1
8.0450, 492, 0, 0, 1
8.0680, 496, 0, 0, 1
8.0900, 500, 0, 0, 1
8.1140, 503, 0, 0, 1
8.1360, 507, 0, 0, 1
8.1590, 511, 0, 0, 1
8.1820, 514, 0, 0, 1
8.2050, 516, 0, 0, 1
8.2270, 519, 0, 0, 1
8.2510, 520, 0, 0, 1
8.2730, 521, 0, 0, 1
8.2960, 520, 0, 0, 1
8.3200, 520, 0, 0, 1
8.3420, 519, 0, 0, 1
8.3650, 519, 0, 0, 1
8.3880, 517, 0, 0, 1
8.4110, 516, 0, 0, 1
8.4330, 513, 0, 0, 1
8.4570, 511, 0, 0, 1
8.4790, 508, 0, 0, 1
8.5020, 504, 0, 0, 1
8.5250, 499, 0, 0, 1
8.5480, 496, 0, 0, 1
8.5700, 491, 0, 0, 1
8.5940, 489, 0, 0, 1
8.6170, 487, 0, 0, 1
8.6390, 486, 0, 0, 1
8.6630, 485, 0, 0, 1
8.6850, 484, 615, 0, 0
8.7110, 483, 615, 0, 0
8.7350, 484, 615, 0, 0
8.7600, 485, 616, 0, 0
8.7850, 486, 0, 0, 1
8.8080, 486, 615, 0, 0
8.8330, 485, 614, 0, 0
8.8580, 485, 616, 0, 0
8.8830, 484, 616, 0, 0
8.9070, 483, 616, 0, 0
8.9330, 483, 617, 0, 0
8.9580, 482, 617, 0, 0
8.9830, 477, 616, 0, 0
9.0080, 470, 617, 0, 0
9.0320, 465, 617, 0, 0
9.0580, 462, 618, 0, 0
9.0820, 461, 619, 0, 0
9.1070, 461, 618, 0, 0
9.1330, 460, 618, 0, 0
9.1570, 460, 619, 0, 0
9.1830, 460, 618, 0, 0
9.2070, 460, 618, 0, 0
9.2320, 461, 618, 0, 0
9.2580, 462, 617, 0, 0
9.2820, 462, 617, 0, 0
9.3070, 462, 618, 0, 0
9.3320, 461, 618, 0, 0
9.3570, 461, 618, 0, 0
9.3820, 461, 0, 0, 1
9.4050, 463, 618, 0, 0
9.4300, 464, 0, 0, 1
9.4530, 465, 618, 0, 0
9.4780, 467, 617, 0, 0
9.5020, 468, 617, 0, 0
9.5280, 471, 617, 0, 0
9.5520, 474, 615, 0, 0
9.5780, 478, 613, 0, 0
9.6030, 482, 0, 0, 1
9.6250, 488, 0, 0, 1
9.6490, 492, 0, 0, 1
9.6710, 495, 0, 0, 1
9.6940, 497, 0, 0, 1
9.7170, 498, 0, 0, 1
9.7400, 501, 0, 0, 1
9.7620, 503, 0, 0, 1
9.7860, 506, 0, 0, 1
9.8080, 508, 0, 0, 1
9.8310, 509, 0, 0, 1
9.8550, 510, 0, 0, 1
9.8770, 510, 0, 0, 1
9.9000, 510, 0, 0, 1
9.9230, 511, 0, 0, 1
9.9460, 510, 0, 0, 1
9.9680, 511, 0, 0, 1
9.9920, 510, 0, 0, 1
10.0140, 510, 0, 0, 1
10.0380, 509, 0, 0, 1
10.0620, 508, 0, 0, 1
10.0860, 505, 0, 0, 1
10.1110, 502, 0, 0, 1
10.1340, 498, 0, 0, 1
10.1580, 495, 0, 0, 1
10.1820, 492, 0, 0, 1
10.2060, 490, 0, 0, 1
10.2290, 488, 0, 0, 1
10.2540, 486, 0, 0, 1
10.2770, 485, 0, 0, 1
10.3010, 486, 0, 0, 1
10.3260, 485, 614, 0, 0
10.3510, 484, 615, 0, 0
10.3780, 484, 615, 0, 0
10.4030, 486, 615, 0, 0
10.4290, 488, 615, 0, 0
10.4560, 491, 615, 0, 0
10.4810, 491, 615, 0, 0
10.5080, 492, 615, 0, 0
10.5330, 491, 0, 0, 1
10.5570, 490, 616, 0, 0
10.5840, 489, 615, 0, 0
10.6090, 490, 616, 0, 0
10.6350, 489, 616, 0, 0
10.6610, 485, 615, 0, 0
10.6870, 482, 0, 0, 1
10.7120, 482, 0, 0, 1
10.7350, 480, 0, 0, 1
10.7590, 479, 0, 0, 1
10.7830, 478, 0, 0, 1
10.8070, 477, 0, 0, 1
10.8300, 476, 0, 0, 1
10.8550, 476, 0, 0, 1
10.8790, 476, 0, 0, 1
10.9020, 476, 0, 0, 1
10.9270, 477, 0, 0, 1
10.9500, 477, 0, 0, 1
10.9750, 478, 0, 0, 1
10.9980, 478, 0, 0, 1
11.0220, 478, 0, 0, 1
11.0460, 478, 0, 0, 1
11.0700, 479, 616, 0, 0
11.0960, 482, 617, 0, 0
11.1220, 483, 617, 0, 0
11.1480, 483, 618, 0, 0
11.1740, 482, 0, 0, 1
11.1980, 483, 0, 0, 1
11.2220, 485, 0, 0, 1
11.2460, 487, 617, 0, 0
11.2720, 489, 616, 0, 0
11.2970, 491, 615, 0, 0
11.3240, 494, 613, 0, 0
11.3500, 496, 0, 0, 1
11.3740, 500, 0, 0, 1
11.3980, 502, 0, 0, 1
11.4210, 505, 0, 0, 1
11.4460, 507, 0, 0, 1
11.4690, 511, 0, 0, 1
11.4930, 514, 0, 0, 1
11.5180, 517, 0, 0, 1
11.5410, 521, 0, 0, 1
11.5650, 524, 0, 0, 1
11.5890, 526, 0, 0, 1
11.6130, 528, 0, 0, 1
11.6360, 529, 0, 0, 1
11.6610, 531, 0, 0, 1
11.6840, 533, 0, 0, 1
11.7090, 533, 0, 0, 1
11.7330, 534, 0, 0, 1
11.7560, 534, 0, 0, 1
11.7810, 533, 0, 0, 1
11.8040, 531, 0, 0, 1
11.8280, 529, 0, 0, 1
11.8520, 526, 0, 0, 1
11.8760, 523, 0, 0, 1
11.8990, 518, 0, 0, 1
11.9240, 513, 0, 0, 1
11.9480, 508, 0, 0, 1
11.9720, 502, 0, 0, 1
11.9960, 496, 0, 0, 1
12.0190, 492, 0, 0, 1
12.0440, 490, 0, 0, 1
12.0670, 489, 0, 0, 1
12.0910, 490, 617, 0, 0
12.1180, 491, 617, 0, 0
12.1430, 493, 617, 0, 0
12.1690, 495, 617, 0, 0
12.1950, 495, 618, 0, 0
12.2210, 495, 618, 0, 0
12.2480, 497, 616, 0, 0
12.2730, 497, 617, 0, 0
12.2990, 496, 618, 0, 0
12.3250, 495, 618, 0, 0
12.3510, 495, 619, 0, 0
12.3780, 494, 618, 0, 0
12.4030, 494, 618, 0, 0
12.4290, 493, 618, 0, 0
12.4550, 493, 618, 0, 0
12.4810, 492, 1, 0, 1
12.5060, 489, 0, 0, 1
12.5290, 486, 0, 0, 1
12.5530, 483, 0, 0, 1
12.5770, 478, 0, 0, 1
12.6010, 474, 0, 0, 1
12.6240, 473, 0, 0, 1
12.6490, 471, 0, 0, 1
12.6730, 470, 0, 0, 1
12.6960, 470, 0, 0, 1
12.7210, 469, 0, 0, 1
12.7440, 468, 0, 0, 1
12.7680, 467, 0, 0, 1
12.7920, 466, 0, 0, 1
12.8160, 465, 0, 0, 1
12.8410, 464, 0, 0, 1
12.8640, 465, 0, 0, 1
12.8880, 467, 0, 0, 1
12.9120, 469, 618, 0, 0
12.9380, 472, 617, 0, 0
12.9630, 473, 0, 0, 1
12.9880, 475, 0, 0, 1
13.0120, 476, 619, 0, 0
13.0380, 479, 619, 0, 0
13.0640, 482, 619, 0, 0
13.0890, 484, 618, 0, 0
13.1160, 486, 618, 0, 0
13.1420, 489, 0, 0, 1
13.1650, 492, 0, 0, 1
13.1900, 495, 0, 0, 1
13.2130, 499, 0, 0, 1
13.2380, 504, 0, 0, 1
13.2610, 509, 0, 0, 1
13.2850, 513, 0, 0, 1
13.3100, 517, 0, 0, 1
13.3330, 520, 0, 0, 1
13.3570, 522, 0, 0, 1
13.3810, 523, 0, 0, 1
13.4050, 523, 0, 0, 1
13.4280, 522, 0, 0, 1
13.4530, 521, 0, 0, 1
13.4760, 518, 0, 0, 1
13.5000, 516, 0, 0, 1
13.5250, 513, 0, 0, 1
13.5480, 508, 0, 0, 1
13.5730, 503, 0, 0, 1
13.5960, 498, 0, 0, 1
13.6200, 493, 0, 0, 1
13.6440, 488, 0, 0, 1
13.6680, 483, 0, 0, 1
13.6910, 481, 616, 0, 0
13.7180, 478, 617, 0, 0
13.7440, 478, 617, 0, 0
13.7700, 479, 618, 0, 0
13.7960, 480, 618, 0, 0
13.8220, 481, 618, 0, 0
13.8480, 482, 619, 0, 0
13.8740, 481, 620, 0, 0
13.8990, 480, 620, 0, 0
13.9260, 479, 619, 0, 0
13.9520, 479, 619, 0, 0
13.9780, 478, 619, 0, 0
14.0040, 480, 619, 0, 0
14.0290, 481, 619, 0, 0
14.0560, 481, 619, 0, 0
14.0820, 479, 619, 0, 0
14.1080, 479, 619, 0, 0
14.1340, 478, 619, 0, 0
14.1590, 477, 619, 0, 0
14.1860, 478, 619, 0, 0
14.2120, 480, 619, 0, 0
14.2380, 479, 619, 0, 0
14.2640, 477, 620, 0, 0
14.2890, 472, 620, 0, 0
14.3160, 471, 620, 0, 0
14.3420, 471, 620, 0, 0
14.3680, 471, 619, 0, 0
14.3940, 472, 619, 0, 0
14.4200, 473, 0, 0, 1
14.4440, 473, 0, 0, 1
14.4680, 472, 0, 0, 1
14.4910, 472, 0, 0, 1
14.5160, 471, 0, 0, 1
14.5390, 471, 0, 0, 1
14.5630, 471, 0, 0, 1
14.5870, 472, 0, 0, 1
14.6110, 475, 0, 0, 1
14.6360, 476, 0, 0, 1
14.6590, 478, 616, 0, 0
14.6850, 480, 615, 0, 0
14.7110, 482, 614, 0, 0
14.7370, 484, 0, 0, 1
14.7610, 488, 0, 0, 1
14.7850, 491, 0, 0, 1
14.8090, 494, 0, 0, 1
14.8320, 498, 0, 0, 1
14.8570, 502, 0, 0, 1
14.8800, 506, 0, 0, 1
14.9050, 509, 0, 0, 1
14.9280, 513, 0, 0, 1
14.9520, 516, 0, 0, 1
14.9770, 519, 0, 0, 1
15.0000, 521, 0, 0, 1
15.0240, 524, 0, 0, 1
15.0480, 526, 0, 0, 1
15.0720, 527, 0, 0, 1
15.0950, 529, 0, 0, 1
15.1200, 529, 0, 0, 1
15.1430, 528, 0, 0, 1
15.1680, 526, 0, 0, 1
15.1920, 523, 0, 0, 1
15.2150, 518, 0, 0, 1
15.2400, 512, 0, 0, 1
15.2630, 504, 0, 0, 1
15.2870, 498, 0, 0, 1
15.3110, 492, 0, 0, 1
15.3350, 487, 0, 0, 1
15.3590, 482, 0, 0, 1
15.3830, 480, 0, 0, 1
15.4070, 482, 0, 0, 1
15.4300, 485, 0, 0, 1
15.4550, 490, 0, 0, 1
15.4780, 493, 0, 0, 1
15.5030, 495, 612, 0, 0
15.5290, 495, 613, 0, 0
15.5540, 495, 613, 0, 0
15.5810, 493, 614, 0, 0
15.6060, 492, 0, 0, 1
15.6300, 492, 613, 0, 0
15.6570, 495, 612, 0, 0
15.6820, 500, 610, 0, 0
15.7090, 502, 609, 0, 0
15.7340, 503, 607, 0, 0
15.7600, 501, 0, 0, 1
15.7850, 500, 0, 0, 1
15.8080, 497, 0, 0, 1
15.8330, 494, 0, 0, 1
15.8560, 493, 0, 0, 1
15.8800, 492, 0, 0, 1
15.9040, 491, 0, 0, 1
15.9280, 491, 0, 0, 1
15.9510, 492, 0, 0, 1
15.9760, 493, 0, 0, 1
16.0000, 494, 0, 0, 1
16.0230, 494, 0, 0, 1
16.0480, 494, 0, 0, 1
16.0710, 494, 0, 0, 1
16.0950, 493, 0, 0, 1
16.1190, 494, 0, 0, 1
16.1430, 495, 0, 0, 1
16.1670, 497, 0, 0, 1
16.1910, 498, 0, 0, 1
16.2150, 499, 0, 0, 1
16.2390, 500, 0, 0, 1
16.2630, 502, 0, 0, 1
16.2860, 505, 0, 0, 1
16.3110, 507, 0, 0, 1
16.3340, 509, 0, 0, 1
16.3580, 513, 0, 0, 1
16.3830, 516, 0, 0, 1
16.4060, 520, 0, 0, 1
16.4300, 522, 0, 0, 1
16.4540, 524, 0, 0, 1
16.4780, 525, 0, 0, 1
16.5020, 526, 0, 0, 1
16.5260, 528, 0, 0, 1
16.5490, 529, 0, 0, 1
16.5740, 531, 0, 0, 1
16.5980, 531, 0, 0, 1
16.6210, 531, 0, 0, 1
16.6460, 531, 0, 0, 1
16.6690, 531, 0, 0, 1
16.6930, 531, 0, 0, 1
16.7170, 530, 0, 0, 1
16.7410, 529, 0, 0, 1
16.7660, 528, 0, 0, 1
16.7890, 525, 0, 0, 1
16.8130, 521, 0, 0, 1
16.8370, 516, 0, 0, 1
16.8610, 511, 0, 0, 1
16.8840, 505, 0, 0, 1
16.9090, 502, 0, 0, 1
16.9320, 499, 0, 0, 1
16.9560, 498, 0, 0, 1
16.9810, 498, 0, 0, 1
17.0040, 498, 0, 0, 1
17.0280, 498, 0, 0, 1
17.0520, 496, 0, 0, 1
17.0760, 496, 0, 0, 1
17.1000, 495, 0, 0, 1
17.1240, 496, 0, 0, 1
17.1470, 495, 0, 0, 1
17.1720, 497, 0, 0, 1
17.1960, 497, 0, 0, 1
17.2190, 496, 0, 0, 1
17.2440, 492, 0, 0, 1
17.2670, 491, 0, 0, 1
17.2910, 491, 615, 0, 0
17.3170, 491, 615, 0, 0
17.3430, 492, 616, 0, 0
17.3700, 492, 615, 0, 0
17.3950, 491, 615, 0, 0
17.4210, 490, 616, 0, 0
17.4470, 491, 616, 0, 0
17.4730, 492, 616, 0, 0
17.5000, 491, 616, 0, 0
17.5250, 488, 616, 0, 0
17.5510, 483, 616, 0, 0
17.5780, 480, 616, 0, 0
17.6030, 480, 617, 0, 0
17.6300, 481, 617, 0, 0
17.6550, 482, 617, 0, 0
17.6810, 482, 617, 0, 0
17.7080, 481, 617, 0, 0
17.7330, 482, 0, 0, 1
17.7570, 483, 0, 0, 1
17.7810, 485, 0, 0, 1
17.8050, 486, 0, 0, 1
17.8290, 487, 0, 0, 1
17.8530, 488, 0, 0, 1
17.8770, 489, 0, 0, 1
17.9010, 491, 0, 0, 1
17.9250, 492, 0, 0, 1
17.9480, 494, 0, 0, 1
17.9730, 494, 0, 0, 1
17.9960, 496, 0, 0, 1
18.0200, 498, 0, 0, 1
18.0440, 500, 0, 0, 1
18.0680, 502, 0, 0, 1
18.0920, 504, 0, 0, 1
18.1160, 506, 0, 0, 1
18.1400, 508, 0, 0, 1
18.1640, 510, 0, 0, 1
18.1880, 512, 0, 0, 1
18.2110, 515, 0, 0, 1
18.2360, 517, 0, 0, 1
18.2600, 520, 0, 0, 1
18.2830, 521, 0, 0, 1
18.3080, 522, 0, 0, 1
18.3310, 522, 0, 0, 1
18.3550, 522, 0, 0, 1
18.3790, 522, 0, 0, 1
18.4030, 520, 4, 0, 1
18.4260, 518, 604, 0, 0
18.4530, 514, 605, 0, 0
18.4790, 509, 606, 0, 0
18.5050, 505, 607, 0, 0
18.5310, 499, 608, 0, 0
18.5560, 492, 610, 0, 0
18.5830, 486, 611, 0, 0
18.6090, 481, 612, 0, 0
18.6350, 477, 614, 0, 0
18.6610, 475, 615, 0, 0
18.6870, 471, 616, 0, 0
18.7130, 469, 617, 0, 0
18.7390, 467, 618, 0, 0
18.7650, 467, 618, 0, 0
18.7910, 468, 618, 0, 0
18.8170, 469, 618, 0, 0
18.8430, 469, 619, 0, 0
18.8690, 470, 619, 0, 0
18.8950, 470, 619, 0, 0
18.9210, 470, 619, 0, 0
18.9470, 472, 618, 0, 0
18.9730, 472, 618, 0, 0
18.9990, 472, 618, 0, 0
19.0240, 473, 618, 0, 0
19.0510, 474, 618, 0, 0
19.0770, 475, 618, 0, 0
19.1030, 476, 617, 0, 0
19.1290, 477, 618, 0, 0
19.1540, 479, 0, 0, 1
19.1790, 481, 616, 0, 0
19.2050, 482, 0, 0, 1
19.2290, 481, 0, 0, 1
19.2530, 480, 0, 0, 1
19.2760, 479, 0, 0, 1
19.3010, 480, 619, 0, 0
19.3270, 480, 0, 0, 1
19.3500, 482, 0, 0, 1
19.3750, 483, 0, 0, 1
19.3980, 484, 0, 0, 1
19.4220, 485, 0, 0, 1
19.4460, 486, 0, 0, 1
19.4700, 487, 0, 0, 1
Trial 2 ended
Trial 3 started
time, up, down, lbl_up, lbl_down
0.0000, 466, 613, 0, 0
0.0100, 467, 613, 0, 0
0.0350, 467, 613, 0, 0
0.0600, 467, 612, 0, 0
0.0850, 467, 611, 0, 0
0.1100, 467, 610, 0, 0
0.1350, 467, 609, 0, 0
0.1590, 467, 609, 0, 0
0.1850, 467, 608, 0, 0
0.2100, 467, 605, 0, 0
0.2340, 468, 603, 0, 0
0.2600, 469, 601, 0, 0
0.2840, 470, 600, 0, 0
0.3100, 471, 600, 0, 0
0.3350, 472, 599, 0, 0
0.3590, 472, 599, 0, 0
0.3850, 474, 598, 0, 0
0.4090, 477, 596, 0, 0
0.4340, 480, 0, 0, 1
0.4570, 483, 0, 0, 1
0.4800, 486, 590, 0, 0
0.5050, 490, 589, 0, 0
0.5300, 494, 586, 0, 0
0.5550, 498, 580, 0, 0
0.5800, 502, 0, 0, 1
0.6030, 506, 0, 0, 1
0.6250, 510, 0, 0, 1
0.6490, 513, 0, 0, 1
0.6710, 516, 0, 0, 1
0.6940, 519, 0, 0, 1
0.7180, 521, 0, 0, 1
0.7400, 522, 0, 0, 1
0.7630, 522, 0, 0, 1
0.7860, 522, 0, 0, 1
0.8090, 522, 0, 0, 1
0.8310, 521, 0, 0, 1
0.8550, 521, 0, 0, 1
0.8770, 522, 0, 0, 1
0.9000, 521, 0, 0, 1
0.9230, 520, 0, 0, 1
0.9460, 519, 0, 0, 1
0.9680, 515, 0, 0, 1
0.9920, 510, 0, 0, 1
1.0150, 504, 0, 0, 1
1.0370, 498, 0, 0, 1
1.0610, 494, 0, 0, 1
1.0830, 491, 0, 0, 1
1.1060, 489, 0, 0, 1
1.1290, 490, 603, 0, 0
1.1540, 492, 604, 0, 0
1.1790, 493, 605, 0, 0
1.2040, 495, 605, 0, 0
1.2290, 498, 605, 0, 0
1.2540, 499, 606, 0, 0
1.2790, 503, 605, 0, 0
1.3030, 505, 604, 0, 0
1.3290, 507, 604, 0, 0
1.3530, 509, 603, 0, 0
1.3790, 510, 603, 0, 0
1.4040, 509, 604, 0, 0
1.4280, 508, 605, 0, 0
1.4540, 507, 605, 0, 0
1.4780, 505, 606, 0, 0
1.5030, 503, 607, 0, 0
1.5290, 504, 607, 0, 0
1.5530, 503, 608, 0, 0
1.5790, 503, 608, 0, 0
1.6030, 503, 608, 0, 0
1.6280, 502, 607, 0, 0
1.6540, 502, 607, 0, 0
1.6780, 502, 607, 0, 0
1.7030, 501, 607, 0, 0
1.7280, 500, 607, 0, 0
1.7530, 498, 607, 0, 0
1.7780, 497, 608, 0, 0
1.8030, 497, 607, 0, 0
1.8280, 498, 607, 0, 0
1.8530, 501, 606, 0, 0
1.8780, 502, 605, 0, 0
1.9020, 503, 605, 0, 0
1.9280, 503, 604, 0, 0
1.9530, 503, 604, 0, 0
1.9780, 504, 603, 0, 0
2.0030, 504, 0, 0, 1
2.0250, 506, 0, 0, 1
2.0490, 508, 0, 0, 1
2.0710, 511, 0, 0, 1
2.0940, 514, 0, 0, 1
2.1170, 518, 0, 0, 1
2.1400, 521, 0, 0, 1
2.1620, 524, 0, 0, 1
2.1860, 527, 0, 0, 1
2.2090, 529, 0, 0, 1
2.2310, 532, 0, 0, 1
2.2550, 534, 0, 0, 1
2.2770, 535, 0, 0, 1
2.3000, 534, 0, 0, 1
2.3230, 533, 0, 0, 1
2.3460, 532, 0, 0, 1
2.3680, 531, 0, 0, 1
2.3920, 531, 0, 0, 1
2.4140, 528, 0, 0, 1
2.4370, 526, 0, 0, 1
2.4600, 521, 0, 0, 1
2.4830, 516, 0, 0, 1
2.5060, 509, 0, 0, 1
2.5290, 501, 0, 0, 1
2.5520, 494, 0, 0, 1
2.5750, 486, 0, 0, 1
2.5980, 483, 0, 0, 1
2.6200, 481, 0, 0, 1
2.6440, 480, 0, 0, 1
2.6660, 480, 0, 0, 1
2.6890, 481, 0, 0, 1
2.7120, 481, 0, 0, 1
2.7350, 483, 0, 0, 1
2.7570, 484, 0, 0, 1
2.7810, 486, 0, 0, 1
2.8030, 488, 0, 0, 1
2.8260, 490, 0, 0, 1
2.8500, 491, 0, 0, 1
2.8720, 492, 0, 0, 1
2.8950, 493, 604, 0, 0
2.9200, 494, 604, 0, 0
2.9450, 494, 604, 0, 0
2.9690, 493, 604, 0, 0
2.9950, 492, 605, 0, 0
3.0200, 493, 605, 0, 0
3.0450, 492, 605, 0, 0
3.0700, 492, 605, 0, 0
3.0940, 493, 606, 0, 0
3.1200, 491, 606, 0, 0
3.1440, 490, 607, 0, 0
3.1690, 490, 607, 0, 0
3.1950, 491, 607, 0, 0
3.2190, 492, 607, 0, 0
3.2450, 493, 606, 0, 0
3.2690, 494, 606, 0, 0
3.2940, 494, 606, 0, 0
3.3200, 494, 607, 0, 0
3.3440, 493, 607, 0, 0
3.3690, 493, 607, 0, 0
3.3940, 493, 608, 0, 0
3.4190, 494, 607, 0, 0
3.4440, 496, 607, 0, 0
3.4690, 497, 606, 0, 0
3.4940, 498, 606, 0, 0
3.5190, 498, 606, 0, 0
3.5440, 498, 606, 0, 0
3.5680, 499, 0, 0, 1
3.5920, 500, 605, 0, 0
3.6170, 501, 0, 0, 1
3.6400, 502, 0, 0, 1
3.6630, 504, 0, 0, 1
3.6850, 506, 0, 0, 1
3.7090, 509, 0, 0, 1
3.7310, 512, 0, 0, 1
3.7540, 515, 0, 0, 1
3.7770, 518, 0, 0, 1
3.8000, 521, 0, 0, 1
3.8220, 524, 0, 0, 1
3.8460, 527, 0, 0, 1
3.8680, 530, 0, 0, 1
3.8910, 532, 0, 0, 1
3.9140, 533, 0, 0, 1
3.9370, 533, 0, 0, 1
3.9600, 532, 0, 0, 1
3.9830, 529, 0, 0, 1
4.0060, 526, 0, 0, 1
4.0280, 521, 0, 0, 1
4.0520, 517, 0, 0, 1
4.0740, 513, 0, 0, 1
4.0970, 510, 0, 0, 1
4.1200, 506, 0, 0, 1
4.1430, 502, 0, 0, 1
4.1650, 500, 0, 0, 1
4.1890, 498, 0, 0, 1
4.2110, 496, 0, 0, 1
4.2340, 495, 0, 0, 1
4.2580, 495, 0, 0, 1
4.2800, 493, 0, 0, 1
4.3040, 492, 465, 0, 1
4.3280, 490, 0, 0, 1
4.3510, 488, 0, 0, 1
4.3740, 488, 0, 0, 1
4.3970, 489, 0, 0, 1
4.4190, 489, 0, 0, 1
4.4430, 489, 0, 0, 1
4.4650, 490, 0, 0, 1
4.4880, 490, 0, 0, 1
4.5110, 489, 0, 0, 1
4.5340, 488, 603, 0, 0
4.5590, 488, 604, 0, 0
4.5840, 487, 605, 0, 0
4.6090, 487, 605, 0, 0
4.6330, 487, 605, 0, 0
4.6590, 487, 605, 0, 0
4.6840, 486, 605, 0, 0
4.7090, 485, 606, 0, 0
4.7340, 484, 606, 0, 0
4.7580, 485, 605, 0, 0
4.7840, 485, 607, 0, 0
4.8080, 486, 606, 0, 0
4.8330, 488, 606, 0, 0
4.8590, 489, 606, 0, 0
4.8830, 490, 606, 0, 0
4.9090, 489, 607, 0, 0
4.9330, 489, 608, 0, 0
4.9580, 488, 607, 0, 0
4.9840, 487, 609, 0, 0
5.0080, 486, 609, 0, 0
5.0330, 486, 610, 0, 0
5.0580, 485, 610, 0, 0
5.0830, 484, 610, 0, 0
5.1080, 483, 611, 0, 0
5.1330, 482, 611, 0, 0
5.1580, 482, 612, 0, 0
5.1830, 482, 613, 0, 0
5.2080, 482, 613, 0, 0
5.2320, 481, 613, 0, 0
5.2580, 481, 613, 0, 0
5.2830, 481, 613, 0, 0
5.3080, 482, 613, 0, 0
5.3330, 484, 612, 0, 0
5.3570, 486, 612, 0, 0
5.3830, 489, 612, 0, 0
5.4070, 493, 610, 0, 0
5.4320, 496, 610, 0, 0
5.4580, 499, 609, 0, 0
5.4820, 501, 609, 0, 0
5.5080, 502, 609, 0, 0
5.5320, 502, 609, 0, 0
5.5570, 502, 609, 0, 0
5.5830, 502, 609, 0, 0
5.6070, 501, 610, 0, 0
5.6320, 501, 610, 0, 0
5.6570, 499, 610, 0, 0
5.6820, 497, 610, 0, 0
5.7080, 495, 611, 0, 0
5.7320, 491, 611, 0, 0
5.7570, 487, 611, 0, 0
5.7820, 482, 612, 0, 0
5.8070, 478, 612, 0, 0
5.8310, 475, 613, 0, 0
5.8570, 472, 614, 0, 0
5.8820, 471, 615, 0, 0
5.9070, 471, 615, 0, 0
5.9320, 470, 615, 0, 0
5.9560, 472, 615, 0, 0
5.9820, 473, 615, 0, 0
6.0070, 473, 615, 0, 0
6.0310, 475, 615, 0, 0
6.0570, 476, 615, 0, 0
6.0810, 476, 616, 0, 0
6.1070, 478, 615, 0, 0
6.1310, 480, 616, 0, 0
6.1560, 480, 616, 0, 0
6.1820, 481, 616, 0, 0
6.2060, 482, 616, 0, 0
6.2310, 483, 616, 0, 0
6.2560, 483, 617, 0, 0
6.2810, 483, 616, 0, 0
6.3070, 483, 616, 0, 0
6.3310, 483, 617, 0, 0
6.3560, 483, 616, 0, 0
6.3810, 483, 617, 0, 0
6.4060, 483, 618, 0, 0
6.4300, 484, 617, 0, 0
6.4560, 486, 617, 0, 0
6.4810, 487, 617, 0, 0
6.5060, 487, 616, 0, 0
6.5310, 486, 617, 0, 0
6.5550, 485, 617, 0, 0
6.5810, 485, 617, 0, 0
6.6060, 485, 617, 0, 0
6.6300, 486, 617, 0, 0
6.6560, 488, 616, 0, 0
6.6800, 489, 616, 0, 0
6.7060, 489, 616, 0, 0
6.7300, 489, 615, 0, 0
6.7550, 489, 616, 0, 0
6.7810, 489, 615, 0, 0
6.8050, 490, 614, 0, 0
6.8300, 492, 612, 0, 0
6.8550, 494, 611, 0, 0
6.8800, 497, 0, 0, 1
6.9040, 500, 0, 0, 1
6.9260, 504, 0, 0, 1
6.9490, 508, 0, 0, 1
6.9720, 513, 0, 0, 1
6.9950, 518, 0, 0, 1
7.0170, 522, 0, 0, 1
7.0410, 526, 0, 0, 1
7.0630, 530, 0, 0, 1
7.0860, 532, 0, 0, 1
7.1090, 533, 0, 0, 1
7.1320, 534, 0, 0, 1
7.1540, 534, 0, 0, 1
7.1780, 533, 0, 0, 1
7.2010, 532, 0, 0, 1
7.2230, 532, 0, 0, 1
7.2470, 531, 0, 0, 1
7.2690, 528, 0, 0, 1
7.2920, 525, 0, 0, 1
7.3150, 522, 0, 0, 1
7.3380, 519, 0, 0, 1
7.3600, 516, 598, 0, 0
7.3860, 511, 599, 0, 0
7.4100, 507, 601, 0, 0
7.4360, 502, 602, 0, 0
7.4610, 497, 604, 0, 0
7.4850, 492, 606, 0, 0
7.5110, 489, 607, 0, 0
7.5350, 487, 0, 0, 1
7.5580, 489, 0, 0, 1
7.5810, 493, 0, 0, 1
7.6040, 496, 0, 0, 1
7.6260, 500, 0, 0, 1
7.6500, 503, 600, 0, 0
7.6750, 504, 600, 0, 0
7.7000, 504, 599, 0, 0
7.7250, 504, 600, 0, 0
7.7490, 503, 602, 0, 0
7.7750, 502, 603, 0, 0
7.8000, 502, 603, 0, 0
7.8240, 502, 603, 0, 0
7.8500, 503, 603, 0, 0
7.8740, 502, 603, 0, 0
7.9000, 501, 603, 0, 0
7.9240, 499, 604, 0, 0
7.9490, 497, 605, 0, 0
7.9750, 496, 605, 0, 0
7.9990, 497, 605, 0, 0
8.0240, 499, 604, 0, 0
8.0490, 500, 604, 0, 0
8.0740, 501, 604, 0, 0
8.1000, 502, 603, 0, 0
8.1240, 501, 603, 0, 0
8.1490, 502, 603, 0, 0
8.1740, 503, 602, 0, 0
8.1990, 504, 602, 0, 0
8.2230, 504, 602, 0, 0
8.2490, 505, 603, 0, 0
8.2740, 505, 602, 0, 0
8.2990, 506, 601, 0, 0
8.3240, 508, 1, 0, 1
8.3460, 511, 0, 0, 1
8.3700, 514, 0, 0, 1
8.3920, 516, 0, 0, 1
8.4150, 519, 0, 0, 1
8.4390, 521, 0, 0, 1
8.4610, 522, 0, 0, 1
8.4840, 524, 0, 0, 1
8.5070, 525, 0, 0, 1
8.5300, 527, 0, 0, 1
8.5520, 528, 0, 0, 1
8.5760, 531, 0, 0, 1
8.5980, 533, 0, 0, 1
8.6210, 535, 0, 0, 1
8.6440, 536, 0, 0, 1
8.6670, 537, 0, 0, 1
8.6890, 537, 0, 0, 1
8.7130, 536, 0, 0, 1
8.7350, 536, 0, 0, 1
8.7580, 536, 0, 0, 1
8.7820, 535, 0, 0, 1
8.8040, 534, 0, 0, 1
8.8270, 531, 0, 0, 1
8.8500, 528, 0, 0, 1
8.8730, 525, 0, 0, 1
8.8960, 520, 0, 0, 1
8.9190, 515, 0, 0, 1
8.9410, 510, 0, 0, 1
8.9650, 507, 0, 0, 1
8.9870, 505, 0, 0, 1
9.0100, 504, 0, 0, 1
9.0330, 504, 0, 0, 1
9.0560, 505, 0, 0, 1
9.0790, 509, 0, 0, 1
9.1020, 511, 0, 0, 1
9.1250, 512, 0, 0, 1
9.1470, 514, 0, 0, 1
9.1710, 515, 0, 0, 1
9.1930, 515, 0, 0, 1
9.2160, 517, 0, 0, 1
9.2390, 518, 601, 0, 0
9.2640, 518, 599, 0, 0
9.2880, 518, 599, 0, 0
9.3140, 518, 599, 0, 0
9.3390, 516, 600, 0, 0
9.3640, 515, 602, 0, 0
9.3890, 513, 602, 0, 0
9.4130, 512, 604, 0, 0
9.4390, 512, 604, 0, 0
9.4640, 510, 604, 0, 0
9.4880, 506, 605, 0, 0
9.5140, 503, 606, 0, 0
9.5380, 500, 607, 0, 0
9.5640, 497, 608, 0, 0
9.5880, 498, 608, 0, 0
9.6130, 499, 608, 0, 0
9.6390, 500, 608, 0, 0
9.6630, 501, 608, 0, 0
9.6880, 501, 608, 0, 0
9.7130, 501, 608, 0, 0
9.7380, 501, 608, 0, 0
9.7640, 502, 608, 0, 0
9.7880, 502, 607, 0, 0
9.8130, 503, 607, 0, 0
9.8380, 505, 606, 0, 0
9.8630, 507, 605, 0, 0
9.8870, 509, 604, 0, 0
9.9130, 511, 0, 0, 1
9.9360, 513, 0, 0, 1
9.9580, 514, 0, 0, 1
9.9820, 517, 0, 0, 1
10.0040, 519, 0, 0, 1
10.0290, 521, 0, 0, 1
10.0520, 524, 0, 0, 1
10.0760, 526, 0, 0, 1
10.1000, 529, 0, 0, 1
10.1240, 533, 0, 0, 1
10.1480, 537, 0, 0, 1
10.1720, 541, 0, 0, 1
10.1960, 544, 0, 0, 1
10.2190, 545, 0, 0, 1
10.2440, 547, 0, 0, 1
10.2670, 547, 0, 0, 1
10.2910, 547, 0, 0, 1
10.3160, 547, 0, 0, 1
10.3390, 547, 578, 0, 0
10.3660, 546, 578, 0, 0
10.3910, 544, 579, 0, 0
10.4170, 543, 581, 0, 0
10.4440, 541, 583, 0, 0
10.4690, 539, 584, 0, 0
10.4960, 536, 585, 0, 0
10.5210, 533, 587, 0, 0
10.5470, 528, 589, 0, 0
10.5740, 522, 591, 0, 0
10.5990, 516, 593, 0, 0
10.6250, 510, 595, 0, 0
10.6510, 503, 598, 0, 0
10.6770, 496, 599, 0, 0
10.7040, 491, 602, 0, 0
10.7290, 488, 603, 0, 0
10.7550, 486, 604, 0, 0
10.7810, 485, 0, 0, 1
10.8050, 486, 0, 0, 1
10.8300, 488, 0, 0, 1
10.8530, 489, 0, 0, 1
10.8770, 486, 0, 0, 1
10.9010, 483, 0, 0, 1
10.9250, 479, 0, 0, 1
10.9480, 476, 0, 0, 1
10.9730, 476, 0, 0, 1
10.9960, 477, 0, 0, 1
11.0200, 478, 0, 0, 1
11.0450, 477, 0, 0, 1
11.0680, 477, 0, 0, 1
11.0930, 476, 0, 0, 1
11.1160, 476, 0, 0, 1
11.1400, 476, 606, 0, 0
11.1660, 476, 607, 0, 0
11.1920, 476, 607, 0, 0
11.2180, 476, 607, 0, 0
11.2440, 477, 607, 0, 0
11.2700, 479, 607, 0, 0
11.2970, 481, 608, 0, 0
11.3220, 484, 607, 0, 0
11.3480, 486, 607, 0, 0
11.3740, 486, 608, 0, 0
11.4000, 487, 608, 0, 0
11.4270, 487, 609, 0, 0
11.4520, 487, 0, 0, 1
11.4760, 487, 609, 0, 0
11.5020, 487, 609, 0, 0
11.5280, 487, 0, 0, 1
11.5510, 488, 0, 0, 1
11.5760, 490, 0, 0, 1
11.6000, 492, 0, 0, 1
11.6230, 495, 0, 0, 1
11.6480, 498, 0, 0, 1
11.6710, 502, 0, 0, 1
11.6960, 506, 0, 0, 1
11.7190, 509, 0, 0, 1
11.7430, 513, 0, 0, 1
11.7680, 517, 0, 0, 1
11.7910, 522, 0, 0, 1
11.8150, 527, 0, 0, 1
11.8390, 530, 0, 0, 1
11.8630, 533, 0, 0, 1
11.8860, 534, 0, 0, 1
11.9110, 535, 0, 0, 1
11.9340, 536, 0, 0, 1
11.9590, 536, 0, 0, 1
11.9830, 536, 0, 0, 1
12.0060, 536, 0, 0, 1
12.0310, 535, 0, 0, 1
12.0540, 534, 0, 0, 1
12.0780, 532, 0, 0, 1
12.1020, 530, 0, 0, 1
12.1260, 527, 0, 0, 1
12.1500, 523, 0, 0, 1
12.1740, 516, 0, 0, 1
12.1980, 510, 0, 0, 1
12.2210, 503, 0, 0, 1
12.2460, 494, 0, 0, 1
12.2690, 486, 0, 0, 1
12.2940, 479, 0, 0, 1
12.3170, 473, 0, 0, 1
12.3410, 469, 606, 0, 0
12.3680, 465, 606, 0, 0
12.3930, 459, 607, 0, 0
12.4190, 456, 0, 0, 1
12.4430, 456, 0, 0, 1
12.4670, 456, 0, 0, 1
12.4920, 458, 0, 0, 1
12.5150, 461, 0, 0, 1
12.5390, 462, 608, 0, 0
12.5650, 463, 608, 0, 0
12.5910, 465, 608, 0, 0
12.6160, 465, 608, 0, 0
12.6430, 466, 608, 0, 0
12.6690, 469, 607, 0, 0
12.6950, 468, 607, 0, 0
12.7210, 469, 608, 0, 0
12.7460, 468, 608, 0, 0
12.7730, 467, 609, 0, 0
12.7990, 467, 609, 0, 0
12.8250, 467, 610, 0, 0
12.8510, 467, 609, 0, 0
12.8770, 467, 609, 0, 0
12.9030, 467, 610, 0, 0
12.9290, 467, 611, 0, 0
12.9540, 467, 610, 0, 0
12.9810, 466, 610, 0, 0
13.0070, 467, 610, 0, 0
13.0330, 467, 611, 0, 0
13.0590, 468, 611, 0, 0
13.0840, 469, 611, 0, 0
13.1110, 469, 0, 0, 1
13.1350, 470, 610, 0, 0
13.1610, 472, 609, 0, 0
13.1870, 475, 608, 0, 0
13.2120, 478, 0, 0, 1
13.2370, 482, 603, 0, 0
13.2630, 486, 600, 0, 0
13.2890, 490, 598, 0, 0
13.3150, 495, 595, 0, 0
13.3400, 499, 0, 0, 1
13.3650, 504, 0, 0, 1
13.3890, 509, 0, 0, 1
13.4120, 515, 583, 0, 0
13.4390, 519, 581, 0, 0
13.4640, 522, 579, 0, 0
13.4910, 525, 578, 0, 0
13.5170, 527, 577, 0, 0
13.5420, 527, 578, 0, 0
13.5690, 528, 580, 0, 0
13.5940, 527, 584, 0, 0
13.6200, 525, 587, 0, 0
13.6470, 522, 589, 0, 0
13.6720, 520, 590, 0, 0
13.6990, 518, 589, 0, 0
13.7240, 515, 591, 0, 0
13.7500, 512, 592, 0, 0
13.7770, 508, 593, 0, 0
13.8020, 503, 594, 0, 0
13.8290, 500, 596, 0, 0
13.8540, 495, 598, 0, 0
13.8800, 490, 600, 0, 0
13.9070, 484, 603, 0, 0
13.9320, 480, 605, 0, 0
13.9590, 479, 606, 0, 0
13.9850, 478, 606, 0, 0
14.0100, 478, 606, 0, 0
14.0370, 478, 607, 0, 0
14.0620, 480, 607, 0, 0
14.0890, 480, 608, 0, 0
14.1150, 480, 608, 0, 0
14.1400, 482, 608, 0, 0
14.1670, 484, 0, 0, 1
14.1900, 486, 0, 0, 1
14.2140, 489, 0, 0, 1
14.2380, 491, 0, 0, 1
14.2620, 493, 0, 0, 1
14.2860, 494, 0, 0, 1
14.3100, 495, 604, 0, 0
14.3360, 494, 606, 0, 0
14.3620, 491, 607, 0, 0
14.3880, 490, 608, 0, 0
14.4140, 489, 607, 0, 0
14.4400, 487, 608, 0, 0
14.4660, 486, 608, 0, 0
14.4920, 484, 609, 0, 0
14.5180, 483, 609, 0, 0
14.5440, 482, 609, 0, 0
14.5700, 483, 609, 0, 0
14.5960, 484, 609, 0, 0
14.6220, 485, 609, 0, 0
14.6480, 485, 609, 0, 0
14.6740, 486, 609, 0, 0
14.7000, 486, 610, 0, 0
14.7260, 486, 609, 0, 0
14.7510, 486, 610, 0, 0
14.7780, 487, 0, 0, 1
14.8020, 488, 0, 0, 1
14.8260, 490, 0, 0, 1
14.8500, 492, 0, 0, 1
14.8730, 493, 0, 0, 1
14.8980, 494, 0, 0, 1
14.9210, 494, 0, 0, 1
14.9450, 496, 0, 0, 1
14.9700, 498, 0, 0, 1
14.9930, 501, 0, 0, 1
15.0170, 506, 0, 0, 1
15.0410, 513, 0, 0, 1
15.0650, 521, 0, 0, 1
15.0890, 526, 0, 0, 1
15.1130, 532, 0, 0, 1
15.1370, 534, 0, 0, 1
15.1610, 536, 0, 0, 1
15.1850, 537, 0, 0, 1
15.2080, 537, 0, 0, 1
15.2330, 538, 0, 0, 1
15.2560, 538, 0, 0, 1
15.2800, 537, 581, 0, 0
15.3060, 536, 582, 0, 0
15.3320, 536, 583, 0, 0
15.3590, 535, 584, 0, 0
15.3840, 536, 585, 0, 0
15.4100, 535, 585, 0, 0
15.4370, 535, 586, 0, 0
15.4620, 535, 587, 0, 0
15.4890, 534, 587, 0, 0
15.5140, 533, 588, 0, 0
15.5400, 531, 590, 0, 0
15.5670, 529, 590, 0, 0
15.5920, 527, 591, 0, 0
15.6190, 524, 592, 0, 0
15.6440, 522, 593, 0, 0
15.6700, 519, 595, 0, 0
15.6970, 515, 596, 0, 0
15.7220, 510, 598, 0, 0
15.7480, 503, 600, 0, 0
15.7740, 495, 0, 0, 1
15.7980, 486, 0, 0, 1
15.8230, 478, 0, 0, 1
15.8460, 472, 0, 0, 1
15.8700, 468, 0, 0, 1
15.8940, 465, 0, 0, 1
15.9180, 464, 0, 0, 1
15.9410, 463, 0, 0, 1
15.9660, 461, 0, 0, 1
15.9900, 461, 0, 0, 1
16.0130, 462, 0, 0, 1
Trial 3 ended
Trial 4 started
time, up, down, lbl_up, lbl_down
0.0000, 487, 596, 0, 0
0.0100, 487, 596, 0, 0
0.0350, 489, 594, 0, 0
0.0600, 489, 593, 0, 0
0.0850, 491, 592, 0, 0
0.1100, 492, 591, 0, 0
0.1350, 494, 590, 0, 0
0.1600, 495, 589, 0, 0
0.1850, 496, 589, 0, 0
0.2090, 496, 588, 0, 0
0.2350, 497, 588, 0, 0
0.2590, 496, 588, 0, 0
0.2850, 497, 589, 0, 0
0.3100, 497, 588, 0, 0
0.3340, 499, 587, 0, 0
0.3600, 501, 584, 0, 0
0.3840, 502, 0, 0, 1
0.4070, 505, 0, 0, 1
0.4300, 507, 0, 0, 1
0.4530, 510, 0, 0, 1
0.4760, 513, 0, 0, 1
0.4990, 514, 0, 0, 1
0.5220, 517, 0, 0, 1
0.5450, 518, 0, 0, 1
0.5680, 519, 0, 0, 1
0.5900, 521, 0, 0, 1
0.6140, 521, 0, 0, 1
0.6360, 521, 0, 0, 1
0.6590, 521, 0, 0, 1
0.6820, 519, 0, 0, 1
0.7050, 517, 0, 0, 1
0.7270, 515, 0, 0, 1
0.7510, 513, 0, 0, 1
0.7740, 510, 0, 0, 1
0.7960, 507, 0, 0, 1
0.8200, 504, 0, 0, 1
0.8420, 500, 0, 0, 1
0.8650, 495, 0, 0, 1
0.8880, 490, 0, 0, 1
0.9110, 485, 0, 0, 1
0.9330, 480, 11, 0, 1
0.9580, 476, 605, 0, 0
0.9820, 471, 607, 0, 0
1.0070, 466, 608, 0, 0
1.0330, 464, 609, 0, 0
1.0570, 462, 610, 0, 0
1.0830, 462, 610, 0, 0
1.1070, 464, 610, 0, 0
1.1320, 464, 611, 0, 0
1.1580, 465, 610, 0, 0
1.1820, 467, 611, 0, 0
1.2070, 468, 611, 0, 0
1.2320, 470, 610, 0, 0
1.2570, 473, 609, 0, 0
1.2820, 474, 610, 0, 0
1.3070, 476, 609, 0, 0
1.3320, 477, 609, 0, 0
1.3570, 476, 609, 0, 0
1.3820, 476, 609, 0, 0
1.4060, 475, 609, 0, 0
1.4320, 475, 609, 0, 0
1.4570, 475, 609, 0, 0
1.4820, 473, 609, 0, 0
1.5070, 473, 609, 0, 0
1.5310, 473, 609, 0, 0
1.5570, 474, 609, 0, 0
1.5810, 475, 608, 0, 0
1.6060, 476, 607, 0, 0
1.6320, 477, 606, 0, 0
1.6560, 477, 606, 0, 0
1.6820, 477, 606, 0, 0
1.7060, 476, 606, 0, 0
1.7310, 477, 605, 0, 0
1.7570, 478, 604, 0, 0
1.7810, 479, 603, 0, 0
1.8060, 480, 601, 0, 0
1.8310, 481, 601, 0, 0
1.8560, 483, 599, 0, 0
1.8810, 485, 597, 0, 0
1.9060, 488, 594, 0, 0
1.9310, 491, 592, 0, 0
1.9560, 494, 590, 0, 0
1.9810, 498, 588, 0, 0
2.0050, 500, 587, 0, 0
2.0310, 503, 585, 0, 0
2.0560, 505, 585, 0, 0
2.0810, 507, 584, 0, 0
2.1060, 510, 582, 0, 0
2.1300, 511, 582, 0, 0
2.1560, 512, 583, 0, 0
2.1800, 511, 586, 0, 0
2.2050, 510, 588, 0, 0
2.2310, 509, 591, 0, 0
2.2550, 508, 592, 0, 0
2.2810, 506, 592, 0, 0
2.3050, 502, 594, 0, 0
2.3300, 497, 596, 0, 0
2.3560, 491, 598, 0, 0
2.3800, 484, 601, 0, 0
2.4050, 478, 603, 0, 0
2.4300, 473, 604, 0, 0
2.4550, 470, 604, 0, 0
2.4810, 468, 606, 0, 0
2.5050, 468, 605, 0, 0
2.5300, 468, 606, 0, 0
2.5550, 470, 606, 0, 0
2.5800, 473, 605, 0, 0
2.6040, 476, 604, 0, 0
2.6300, 478, 602, 0, 0
2.6550, 480, 601, 0, 0
2.6800, 482, 599, 0, 0
2.7050, 483, 597, 0, 0
2.7290, 486, 595, 0, 0
2.7550, 487, 592, 0, 0
2.7800, 490, 589, 0, 0
2.8040, 490, 589, 0, 0
2.8300, 491, 589, 0, 0
2.8540, 491, 588, 0, 0
2.8800, 490, 589, 0, 0
2.9040, 489, 589, 0, 0
2.9290, 487, 591, 0, 0
2.9550, 486, 591, 0, 0
2.9790, 486, 592, 0, 0
3.0040, 487, 592, 0, 0
3.0290, 488, 591, 0, 0
3.0540, 490, 591, 0, 0
3.0800, 491, 590, 0, 0
3.1040, 491, 590, 0, 0
3.1290, 493, 590, 0, 0
3.1540, 492, 591, 0, 0
3.1790, 493, 591, 0, 0
3.2030, 494, 591, 0, 0
3.2290, 494, 591, 0, 0
3.2540, 495, 590, 0, 0
3.2790, 496, 589, 0, 0
3.3040, 497, 589, 0, 0
3.3280, 499, 587, 0, 0
3.3540, 502, 586, 0, 0
3.3790, 504, 584, 0, 0
3.4030, 508, 582, 0, 0
3.4290, 512, 580, 0, 0
3.4530, 518, 576, 0, 0
3.4790, 524, 573, 0, 0
3.5040, 529, 570, 0, 1
3.5280, 534, 568, 0, 1
3.5540, 539, 566, 0, 1
3.5780, 542, 566, 0, 1
3.6030, 544, 566, 0, 1
3.6280, 546, 569, 0, 1
3.6530, 546, 573, 0, 0
3.6790, 545, 577, 0, 0
3.7030, 544, 580, 0, 0
3.7280, 543, 583, 0, 0
3.7530, 540, 585, 0, 0
3.7780, 537, 586, 0, 0
3.8030, 533, 587, 0, 0
3.8280, 528, 589, 0, 0
3.8530, 521, 591, 0, 0
3.8780, 513, 593, 0, 0
3.9030, 504, 595, 0, 0
3.9270, 498, 597, 0, 0
3.9530, 491, 599, 0, 0
3.9780, 487, 601, 0, 0
4.0020, 486, 601, 0, 0
4.0280, 486, 602, 0, 0
4.0520, 488, 603, 0, 0
4.0780, 489, 603, 0, 0
4.1030, 491, 602, 0, 0
4.1270, 493, 601, 0, 0
4.1530, 494, 602, 0, 0
4.1770, 495, 601, 0, 0
4.2020, 496, 601, 0, 0
4.2270, 497, 601, 0, 0
4.2520, 497, 601, 0, 0
4.2780, 498, 601, 0, 0
4.3020, 498, 600, 0, 0
4.3270, 497, 601, 0, 0
4.3520, 496, 602, 0, 0
4.3770, 494, 602, 0, 0
4.4020, 492, 603, 0, 0
4.4270, 486, 604, 0, 0
4.4520, 479, 605, 0, 0
4.4770, 473, 607, 0, 0
4.5020, 469, 607, 0, 0
4.5260, 469, 607, 0, 0
4.5520, 471, 606, 0, 0
4.5770, 474, 605, 0, 0
4.6010, 476, 604, 0, 0
4.6270, 478, 603, 0, 0
4.6510, 478, 604, 0, 0
4.6770, 479, 603, 0, 0
4.7020, 480, 602, 0, 0
4.7260, 482, 601, 0, 0
4.7520, 483, 600, 0, 0
4.7760, 484, 600, 0, 0
4.8010, 486, 600, 0, 0
4.8270, 487, 599, 0, 0
4.8510, 490, 598, 0, 0
4.8770, 493, 596, 0, 0
4.9010, 497, 595, 0, 0
4.9260, 501, 593, 0, 0
4.9510, 505, 591, 0, 0
4.9760, 509, 589, 0, 0
5.0010, 513, 588, 0, 0
5.0260, 518, 585, 0, 0
5.0510, 522, 583, 0, 0
5.0760, 526, 580, 0, 0
5.1010, 531, 578, 0, 0
5.1260, 533, 577, 0, 0
5.1510, 535, 577, 0, 0
5.1760, 535, 578, 0, 0
5.2000, 535, 580, 0, 0
5.2260, 535, 583, 0, 0
5.2500, 533, 584, 0, 0
5.2760, 531, 585, 0, 0
5.3010, 529, 586, 0, 0
5.3250, 524, 588, 0, 0
5.3510, 518, 590, 0, 0
5.3750, 510, 592, 0, 0
5.4000, 502, 594, 0, 0
5.4260, 494, 597, 0, 0
5.4500, 487, 599, 0, 0
5.4760, 482, 602, 0, 0
5.5000, 478, 604, 0, 0
5.5250, 476, 604, 0, 0
5.5500, 474, 605, 0, 0
5.5750, 473, 605, 0, 0
5.6000, 474, 606, 0, 0
5.6250, 476, 606, 0, 0
5.6500, 477, 606, 0, 0
5.6750, 478, 605, 0, 0
5.7000, 479, 605, 0, 0
5.7250, 481, 605, 0, 0
5.7500, 484, 604, 0, 0
5.7750, 486, 605, 0, 0
5.7990, 488, 604, 0, 0
5.8250, 488, 604, 0, 0
5.8490, 488, 605, 0, 0
5.8750, 486, 606, 0, 0
5.9000, 485, 606, 0, 0
5.9240, 483, 607, 0, 0
5.9500, 480, 607, 0, 0
5.9740, 477, 607, 0, 0
5.9990, 475, 608, 0, 0
6.0250, 474, 609, 0, 0
6.0490, 474, 609, 0, 0
6.0750, 475, 609, 0, 0
6.0990, 475, 609, 0, 0
6.1240, 474, 608, 0, 0
6.1500, 474, 608, 0, 0
6.1740, 473, 608, 0, 0
6.1990, 473, 608, 0, 0
6.2240, 474, 608, 0, 0
6.2490, 475, 606, 0, 0
6.2740, 477, 606, 0, 0
6.2990, 479, 605, 0, 0
6.3240, 481, 604, 0, 0
6.3490, 483, 603, 0, 0
6.3740, 486, 601, 0, 0
6.3980, 489, 600, 0, 0
6.4240, 491, 601, 0, 0
6.4490, 492, 603, 0, 0
6.4740, 495, 603, 0, 0
6.4990, 498, 603, 0, 0
6.5230, 503, 601, 0, 0
6.5490, 507, 598, 0, 0
6.5730, 511, 596, 0, 0
6.5980, 516, 592, 0, 0
6.6240, 520, 589, 0, 0
6.6480, 524, 587, 0, 0
6.6740, 527, 585, 0, 0
6.6980, 529, 585, 0, 0
6.7230, 529, 584, 0, 0
6.7490, 529, 585, 0, 0
6.7730, 529, 587, 0, 0
6.7980, 528, 589, 0, 0
6.8230, 527, 590, 0, 0
6.8480, 523, 592, 0, 0
6.8730, 518, 593, 0, 0
6.8980, 512, 595, 0, 0
6.9230, 505, 598, 0, 0
6.9480, 497, 600, 0, 0
6.9730, 491, 602, 0, 0
6.9970, 487, 604, 0, 0
7.0230, 485, 605, 0, 0
7.0480, 483, 606, 0, 0
7.0730, 483, 606, 0, 0
7.0980, 482, 607, 0, 0
7.1220, 480, 607, 0, 0
7.1480, 480, 607, 0, 0
7.1720, 478, 608, 0, 0
7.1970, 477, 608, 0, 0
7.2230, 478, 608, 0, 0
7.2470, 478, 608, 0, 0
7.2730, 478, 608, 0, 0
7.2970, 477, 608, 0, 0
7.3220, 475, 609, 0, 0
7.3480, 473, 610, 0, 0
7.3720, 472, 610, 0, 0
7.3970, 469, 609, 0, 0
7.4220, 469, 610, 0, 0
7.4470, 467, 609, 0, 0
7.4730, 467, 610, 0, 0
7.4970, 466, 610, 0, 0
7.5220, 463, 610, 0, 0
7.5470, 462, 611, 0, 0
7.5720, 462, 612, 0, 0
7.5960, 464, 612, 0, 0
7.6220, 465, 611, 0, 0
7.6470, 467, 612, 0, 0
7.6720, 469, 611, 0, 0
7.6970, 470, 612, 0, 0
7.7210, 472, 611, 0, 0
7.7470, 473, 612, 0, 0
7.7720, 474, 612, 0, 0
7.7960, 474, 612, 0, 0
7.8220, 475, 612, 0, 0
7.8460, 477, 611, 0, 0
7.8720, 481, 610, 0, 0
7.8960, 485, 609, 0, 0
7.9210, 488, 607, 0, 0
7.9470, 493, 605, 0, 0
7.9710, 496, 603, 0, 0
7.9960, 500, 601, 0, 0
8.0210, 504, 599, 0, 0
8.0460, 509, 597, 0, 0
8.0720, 515, 594, 0, 0
8.0960, 521, 591, 0, 0
8.1210, 526, 589, 0, 0
8.1460, 531, 587, 0, 0
8.1710, 534, 587, 0, 0
8.1950, 536, 586, 0, 0
8.2210, 536, 587, 0, 0
8.2460, 536, 588, 0, 0
8.2710, 536, 589, 0, 0
8.2960, 535, 591, 0, 0
8.3200, 533, 593, 0, 0
8.3460, 530, 594, 0, 0
8.3710, 526, 596, 0, 0
8.3950, 519, 598, 0, 0
8.4210, 511, 601, 0, 0
8.4450, 502, 603, 0, 0
8.4710, 495, 606, 0, 0
8.4960, 490, 608, 0, 0
8.5200, 487, 608, 0, 0
8.5460, 484, 609, 0, 0
8.5700, 483, 610, 0, 0
8.5950, 480, 611, 0, 0
8.6200, 478, 611, 0, 0
8.6450, 477, 611, 0, 0
8.6710, 476, 612, 0, 0
8.6950, 474, 612, 0, 0
8.7200, 472, 612, 0, 0
8.7450, 472, 613, 0, 0
8.7700, 472, 613, 0, 0
8.7950, 471, 613, 0, 0
8.8200, 469, 613, 0, 0
8.8450, 468, 613, 0, 0
8.8700, 467, 613, 0, 0
8.8950, 466, 614, 0, 0
8.9190, 465, 614, 0, 0
8.9450, 466, 614, 0, 0
8.9700, 466, 614, 0, 0
8.9940, 466, 615, 0, 0
9.0200, 466, 614, 0, 0
9.0440, 466, 614, 0, 0
9.0700, 465, 615, 0, 0
9.0950, 464, 615, 0, 0
9.1190, 464, 615, 0, 0
9.1450, 465, 615, 0, 0
9.1690, 466, 614, 0, 0
9.1940, 467, 615, 0, 0
9.2190, 468, 615, 0, 0
9.2440, 469, 615, 0, 0
9.2700, 471, 615, 0, 0
9.2940, 473, 614, 0, 0
9.3190, 476, 614, 0, 0
9.3440, 480, 613, 0, 0
9.3690, 483, 612, 0, 0
9.3940, 486, 610, 0, 0
9.4190, 489, 610, 0, 0
9.4440, 493, 608, 0, 0
9.4690, 498, 606, 0, 0
9.4940, 502, 604, 0, 0
9.5180, 507, 601, 0, 0
9.5440, 512, 599, 0, 0
9.5690, 517, 596, 0, 0
9.5930, 521, 594, 0, 0
9.6190, 525, 592, 0, 0
9.6430, 528, 590, 0, 0
9.6690, 531, 588, 0, 0
9.6940, 534, 587, 0, 0
9.7180, 536, 587, 0, 0
9.7440, 536, 587, 0, 0
9.7680, 536, 588, 0, 0
9.7930, 535, 589, 0, 0
9.8190, 534, 590, 0, 0
9.8430, 532, 592, 0, 0
9.8690, 530, 593, 0, 0
9.8930, 528, 594, 0, 0
9.9180, 525, 595, 0, 0
9.9430, 521, 596, 0, 0
9.9680, 515, 597, 0, 0
9.9930, 509, 599, 0, 0
10.0180, 502, 601, 0, 0
10.0440, 494, 604, 0, 0
10.0700, 484, 606, 0, 0
10.0960, 475, 608, 0, 0
10.1220, 469, 610, 0, 0
10.1480, 465, 612, 0, 0
10.1740, 464, 612, 0, 0
10.2000, 465, 613, 0, 0
10.2260, 465, 612, 0, 0
10.2520, 465, 612, 0, 0
10.2780, 464, 613, 0, 0
10.3040, 461, 613, 0, 0
10.3310, 461, 613, 0, 0
10.3560, 459, 613, 0, 0
10.3820, 457, 614, 0, 0
10.4080, 457, 614, 0, 0
10.4340, 456, 614, 0, 0
10.4600, 455, 614, 0, 0
10.4860, 455, 614, 0, 0
10.5120, 455, 613, 0, 0
10.5380, 456, 614, 0, 0
10.5640, 457, 614, 0, 0
10.5900, 458, 614, 0, 0
10.6160, 462, 614, 0, 0
10.6420, 466, 614, 0, 0
10.6680, 471, 614, 0, 0
10.6940, 474, 614, 0, 0
10.7200, 475, 614, 0, 0
10.7460, 476, 614, 0, 0
10.7720, 476, 615, 0, 0
10.7980, 477, 615, 0, 0
10.8240, 478, 615, 0, 0
10.8500, 479, 614, 0, 0
10.8760, 480, 614, 0, 0
10.9020, 481, 613, 0, 0
10.9290, 483, 613, 0, 0
10.9540, 485, 612, 0, 0
10.9800, 488, 611, 0, 0
11.0060, 490, 611, 0, 0
11.0320, 492, 610, 0, 0
11.0580, 495, 609, 0, 0
11.0840, 497, 608, 0, 0
11.1100, 501, 606, 0, 0
11.1360, 506, 605, 0, 0
11.1620, 510, 603, 0, 0
11.1880, 512, 602, 0, 0
11.2140, 514, 601, 0, 0
11.2400, 515, 601, 0, 0
11.2660, 515, 601, 0, 0
11.2920, 516, 601, 0, 0
11.3180, 515, 603, 0, 0
11.3440, 514, 604, 0, 0
11.3700, 513, 604, 0, 0
11.3960, 513, 605, 0, 0
11.4220, 512, 605, 0, 0
11.4480, 511, 606, 0, 0
11.4740, 510, 606, 0, 0
11.5000, 508, 607, 0, 0
11.5270, 505, 608, 0, 0
11.5520, 502, 609, 0, 0
11.5780, 499, 609, 0, 0
11.6040, 499, 611, 0, 0
11.6300, 500, 611, 0, 0
11.6560, 499, 611, 0, 0
11.6820, 499, 611, 0, 0
11.7080, 496, 612, 0, 0
11.7340, 494, 612, 0, 0
11.7600, 492, 613, 0, 0
11.7860, 491, 613, 0, 0
11.8120, 488, 613, 0, 0
11.8380, 484, 614, 0, 0
11.8640, 478, 615, 0, 0
11.8900, 474, 616, 0, 0
11.9160, 469, 616, 0, 0
11.9420, 460, 615, 0, 0
11.9680, 454, 614, 0, 0
11.9950, 450, 615, 0, 0
12.0200, 447, 615, 0, 0
12.0460, 443, 614, 1, 0
12.0720, 440, 614, 1, 0
12.0980, 440, 615, 1, 0
12.1240, 441, 615, 1, 0
12.1500, 443, 614, 1, 0
12.1760, 444, 614, 0, 0
12.2020, 447, 614, 0, 0
12.2280, 451, 613, 0, 0
12.2540, 455, 612, 0, 0
12.2800, 459, 612, 0, 0
12.3060, 462, 612, 0, 0
12.3320, 465, 612, 0, 0
12.3580, 467, 612, 0, 0
12.3840, 469, 612, 0, 0
12.4100, 472, 611, 0, 0
12.4360, 477, 609, 0, 0
12.4620, 481, 608, 0, 0
12.4880, 485, 607, 0, 0
12.5140, 488, 607, 0, 0
12.5400, 491, 606, 0, 0
12.5660, 496, 603, 0, 0
12.5930, 500, 602, 0, 0
12.6180, 503, 600, 0, 0
12.6440, 508, 598, 0, 0
12.6700, 511, 596, 0, 0
12.6960, 515, 594, 0, 0
12.7220, 517, 593, 0, 0
12.7480, 520, 592, 0, 0
12.7740, 522, 592, 0, 0
12.8000, 523, 592, 0, 0
12.8260, 522, 594, 0, 0
12.8520, 523, 594, 0, 0
12.8780, 522, 596, 0, 0
12.9040, 522, 597, 0, 0
12.9300, 520, 598, 0, 0
12.9560, 520, 599, 0, 0
12.9820, 519, 600, 0, 0
13.0080, 518, 601, 0, 0
13.0340, 516, 602, 0, 0
13.0600, 514, 603, 0, 0
13.0860, 510, 605, 0, 0
13.1120, 505, 607, 0, 0
13.1380, 501, 608, 0, 0
13.1640, 497, 610, 0, 0
13.1910, 492, 612, 0, 0
13.2160, 488, 613, 0, 0
13.2420, 484, 614, 0, 0
13.2680, 481, 615, 0, 0
13.2940, 479, 616, 0, 0
13.3200, 479, 616, 0, 0
13.3460, 480, 616, 0, 0
13.3720, 481, 617, 0, 0
13.3980, 480, 616, 0, 0
13.4240, 477, 617, 0, 0
13.4500, 471, 617, 0, 0
13.4760, 467, 618, 0, 0
13.5020, 467, 618, 0, 0
13.5280, 466, 618, 0, 0
13.5540, 465, 618, 0, 0
13.5800, 459, 618, 0, 0
13.6060, 456, 618, 0, 0
13.6320, 453, 618, 0, 0
13.6590, 452, 617, 0, 0
13.6840, 452, 616, 0, 0
13.7100, 452, 617, 0, 0
13.7360, 452, 617, 0, 0
13.7620, 453, 616, 0, 0
13.7880, 455, 616, 0, 0
13.8140, 457, 616, 0, 0
13.8400, 460, 615, 0, 0
13.8660, 462, 615, 0, 0
13.8920, 464, 616, 0, 0
13.9180, 466, 616, 0, 0
13.9440, 469, 615, 0, 0
13.9700, 471, 615, 0, 0
13.9960, 473, 615, 0, 0
14.0220, 476, 614, 0, 0
14.0480, 478, 612, 0, 0
14.0740, 481, 611, 0, 0
14.1000, 485, 609, 0, 0
14.1260, 488, 607, 0, 0
14.1520, 493, 604, 0, 0
14.1780, 496, 604, 0, 0
14.2040, 499, 602, 0, 0
14.2300, 503, 600, 0, 0
14.2570, 508, 598, 0, 0
14.2820, 513, 595, 0, 0
14.3080, 519, 592, 0, 0
14.3340, 524, 590, 0, 0
14.3600, 527, 588, 0, 0
14.3860, 529, 589, 0, 0
14.4120, 529, 591, 0, 0
14.4380, 528, 593, 0, 0
14.4640, 526, 594, 0, 0
14.4900, 523, 596, 0, 0
14.5160, 522, 598, 0, 0
14.5420, 520, 599, 0, 0
14.5680, 519, 599, 0, 0
14.5940, 517, 600, 0, 0
14.6200, 515, 601, 0, 0
14.6460, 512, 603, 0, 0
14.6720, 509, 604, 0, 0
14.6980, 506, 605, 0, 0
14.7240, 503, 606, 0, 0
14.7500, 500, 608, 0, 0
14.7760, 496, 609, 0, 0
14.8020, 491, 610, 0, 0
14.8280, 484, 612, 0, 0
14.8550, 478, 614, 0, 0
14.8800, 472, 614, 0, 0
14.9060, 466, 616, 0, 0
14.9320, 462, 617, 0, 0
14.9580, 460, 617, 0, 0
14.9840, 457, 618, 0, 0
15.0100, 454, 620, 0, 0
15.0360, 449, 620, 0, 0
15.0620, 447, 621, 0, 0
15.0880, 442, 622, 1, 0
Trial 4 ended
Down threshold:   f_down_thr = 309
Up threshold:   f_up_thr = 469
Trial 5 started
time, up, down, lbl_up, lbl_down
0.0000, 499, 594, 0, 0
0.0110, 498, 594, 0, 0
0.0350, 496, 595, 0, 0
0.0600, 492, 596, 0, 0
0.0850, 489, 596, 0, 0
0.1100, 487, 598, 0, 0
0.1350, 487, 598, 0, 0
0.1600, 487, 0, 0, 1
0.1830, 488, 0, 0, 1
0.2060, 488, 0, 0, 1
0.2290, 490, 0, 0, 1
0.2510, 491, 0, 0, 1
0.2750, 492, 0, 0, 1
0.2970, 493, 596, 0, 0
0.3220, 495, 595, 0, 0
0.3480, 498, 594, 0, 0
0.3720, 502, 592, 0, 0
0.3970, 505, 589, 0, 0
0.4220, 509, 587, 0, 0
0.4470, 510, 586, 0, 0
0.4730, 513, 584, 0, 0
0.4970, 516, 583, 0, 0
0.5220, 517, 583, 0, 0
0.5470, 519, 581, 0, 0
0.5720, 520, 581, 0, 0
0.5960, 519, 581, 0, 0
0.6220, 520, 583, 0, 0
0.6470, 520, 583, 0, 0
0.6720, 522, 583, 0, 0
0.6970, 524, 583, 0, 0
0.7210, 526, 0, 0, 1
0.7450, 527, 582, 0, 0
0.7700, 528, 581, 0, 0
0.7940, 529, 580, 0, 0
0.8200, 529, 0, 0, 1
0.8420, 529, 0, 0, 1
0.8650, 527, 0, 0, 1
0.8880, 526, 0, 0, 1
0.9110, 524, 0, 0, 1
0.9330, 520, 583, 0, 0
0.9590, 515, 583, 0, 0
0.9840, 510, 583, 0, 0
1.0090, 505, 584, 0, 0
1.0340, 499, 0, 0, 1
1.0560, 495, 0, 0, 1
1.0800, 490, 0, 0, 1
1.1020, 487, 0, 0, 1
1.1250, 486, 0, 0, 1
1.1480, 483, 0, 0, 1
1.1710, 481, 0, 0, 1
1.1930, 479, 0, 0, 1
1.2170, 480, 0, 0, 1
1.2400, 480, 0, 0, 1
1.2620, 480, 0, 0, 1
1.2860, 482, 599, 0, 0
1.3100, 482, 600, 0, 0
1.3350, 483, 601, 0, 0
1.3600, 483, 602, 0, 0
1.3850, 482, 603, 0, 0
1.4110, 478, 604, 0, 0
1.4350, 474, 606, 0, 0
1.4600, 472, 608, 0, 0
1.4850, 473, 608, 0, 0
1.5100, 474, 608, 0, 0
1.5340, 476, 608, 0, 0
1.5600, 478, 608, 0, 0
1.5850, 478, 608, 0, 0
1.6100, 478, 608, 0, 0
1.6350, 477, 608, 0, 0
1.6590, 477, 608, 0, 0
1.6850, 477, 608, 0, 0
1.7100, 477, 608, 0, 0
1.7340, 477, 608, 0, 0
1.7600, 478, 609, 0, 0
1.7840, 478, 608, 0, 0
1.8100, 480, 608, 0, 0
1.8340, 481, 607, 0, 0
1.8590, 481, 606, 0, 0
1.8850, 482, 604, 0, 0
1.9090, 482, 601, 0, 0
1.9340, 483, 600, 0, 0
1.9590, 483, 600, 0, 0
1.9840, 484, 599, 0, 0
2.0100, 484, 600, 0, 0
2.0340, 485, 600, 0, 0
2.0590, 488, 600, 0, 0
2.0840, 491, 598, 0, 0
2.1090, 494, 595, 0, 0
2.1330, 497, 592, 0, 0
2.1590, 500, 591, 0, 0
2.1840, 501, 591, 0, 0
2.2090, 502, 591, 0, 0
2.2340, 503, 589, 0, 0
2.2580, 505, 589, 0, 0
2.2840, 509, 587, 0, 0
2.3090, 511, 586, 0, 0
2.3330, 513, 0, 0, 1
2.3570, 515, 584, 0, 0
2.3810, 517, 583, 0, 0
2.4070, 518, 583, 0, 0
2.4310, 519, 582, 0, 0
2.4560, 520, 582, 0, 0
2.4820, 519, 581, 0, 0
2.5060, 518, 581, 0, 0
2.5310, 518, 582, 0, 0
2.5560, 515, 582, 0, 0
2.5810, 512, 583, 0, 0
2.6070, 508, 584, 0, 0
2.6310, 505, 585, 0, 0
2.6560, 500, 586, 0, 0
2.6810, 496, 588, 0, 0
2.7060, 494, 589, 0, 0
2.7300, 490, 591, 0, 0
2.7560, 490, 593, 0, 0
2.7810, 488, 594, 0, 0
2.8060, 488, 596, 0, 0
2.8310, 488, 0, 0, 1
2.8530, 488, 599, 0, 0
2.8790, 489, 600, 0, 0
2.9040, 490, 600, 0, 0
2.9280, 491, 601, 0, 0
2.9540, 492, 601, 0, 0
2.9780, 493, 602, 0, 0
3.0040, 494, 603, 0, 0
3.0280, 492, 604, 0, 0
3.0530, 490, 605, 0, 0
3.0790, 489, 606, 0, 0
3.1030, 487, 607, 0, 0
3.1280, 487, 608, 0, 0
3.1530, 487, 608, 0, 0
3.1780, 486, 608, 0, 0
3.2040, 484, 608, 0, 0
3.2280, 480, 609, 0, 0
3.2530, 476, 610, 0, 0
3.2780, 473, 612, 0, 0
3.3030, 472, 612, 0, 0
3.3270, 472, 612, 0, 0
3.3530, 471, 613, 0, 0
3.3780, 470, 613, 0, 0
3.4030, 469, 613, 0, 0
3.4280, 470, 613, 0, 0
3.4520, 472, 613, 0, 0
3.4780, 474, 611, 0, 0
3.5030, 476, 611, 0, 0
3.5270, 478, 610, 0, 0
3.5530, 480, 609, 0, 0
3.5770, 481, 609, 0, 0
3.6030, 483, 608, 0, 0
3.6270, 486, 605, 0, 0
3.6520, 488, 604, 0, 0
3.6780, 490, 602, 0, 0
3.7020, 493, 601, 0, 0
3.7270, 495, 599, 0, 0
3.7520, 497, 597, 0, 0
3.7770, 500, 594, 0, 0
3.8030, 502, 593, 0, 0
3.8270, 504, 591, 0, 0
3.8520, 506, 590, 0, 0
3.8770, 508, 588, 0, 0
3.9020, 509, 588, 0, 0
3.9260, 511, 587, 0, 0
3.9520, 513, 586, 0, 0
3.9770, 515, 585, 0, 0
4.0020, 517, 585, 0, 0
4.0270, 518, 584, 0, 0
4.0510, 520, 585, 0, 0
4.0770, 521, 585, 0, 0
4.1020, 522, 0, 0, 1
4.1240, 522, 585, 0, 0
4.1500, 522, 586, 0, 0
4.1740, 522, 585, 0, 0
4.2000, 521, 585, 0, 0
4.2240, 520, 585, 0, 0
4.2490, 518, 586, 0, 0
4.2750, 515, 587, 0, 0
4.2990, 512, 588, 0, 0
4.3240, 509, 590, 0, 0
4.3490, 508, 590, 0, 0
4.3740, 505, 591, 0, 0
4.4000, 506, 593, 0, 0
4.4240, 504, 594, 0, 0
4.4490, 504, 596, 0, 0
4.4740, 505, 596, 0, 0
4.4990, 505, 597, 0, 0
4.5230, 504, 598, 0, 0
4.5490, 503, 599, 0, 0
4.5740, 502, 600, 0, 0
4.5990, 501, 601, 0, 0
4.6240, 502, 602, 0, 0
4.6480, 503, 603, 0, 0
4.6740, 503, 603, 0, 0
4.6990, 502, 603, 0, 0
4.7230, 501, 603, 0, 0
4.7490, 500, 604, 0, 0
4.7730, 499, 605, 0, 0
4.7990, 496, 606, 0, 0
4.8240, 494, 607, 0, 0
4.8480, 490, 608, 0, 0
4.8740, 484, 609, 0, 0
4.8980, 480, 611, 0, 0
4.9230, 478, 612, 0, 0
4.9480, 478, 612, 0, 0
4.9730, 479, 611, 0, 0
4.9990, 479, 611, 0, 0
5.0230, 478, 612, 0, 0
5.0480, 476, 612, 0, 0
5.0730, 474, 612, 0, 0
5.0980, 474, 613, 0, 0
5.1230, 474, 613, 0, 0
5.1480, 475, 612, 0, 0
5.1730, 476, 612, 0, 0
5.1980, 477, 612, 0, 0
5.2230, 479, 611, 0, 0
5.2470, 480, 611, 0, 0
5.2730, 482, 610, 0, 0
5.2980, 483, 609, 0, 0
5.3220, 484, 608, 0, 0
5.3480, 486, 605, 0, 0
5.3720, 488, 604, 0, 0
5.3980, 490, 601, 0, 0
5.4230, 492, 598, 0, 0
5.4470, 494, 595, 0, 0
5.4730, 494, 594, 0, 0
5.4970, 495, 593, 0, 0
5.5220, 497, 593, 0, 0
5.5470, 500, 593, 0, 0
5.5720, 502, 592, 0, 0
5.5980, 506, 591, 0, 0
5.6220, 509, 590, 0, 0
5.6470, 513, 590, 0, 0
5.6720, 515, 590, 0, 0
5.6970, 516, 589, 0, 0
5.7220, 518, 589, 0, 0
5.7470, 519, 588, 0, 0
5.7720, 521, 588, 0, 0
5.7970, 521, 588, 0, 0
5.8220, 521, 588, 0, 0
5.8460, 522, 589, 0, 0
5.8720, 521, 589, 0, 0
5.8970, 521, 588, 0, 0
5.9210, 521, 589, 0, 0
5.9470, 520, 588, 0, 0
5.9710, 519, 589, 0, 0
5.9970, 518, 589, 0, 0
6.0220, 517, 589, 0, 0
6.0460, 516, 590, 0, 0
6.0720, 514, 591, 0, 0
6.0960, 511, 592, 0, 0
6.1210, 507, 594, 0, 0
6.1470, 505, 595, 0, 0
6.1710, 502, 0, 0, 1
6.1940, 501, 598, 0, 0
6.2190, 500, 598, 0, 0
6.2440, 498, 600, 0, 0
6.2690, 497, 601, 0, 0
6.2940, 495, 603, 0, 0
6.3190, 492, 604, 0, 0
6.3440, 489, 606, 0, 0
6.3690, 486, 607, 0, 0
6.3930, 486, 608, 0, 0
6.4190, 485, 608, 0, 0
6.4430, 485, 609, 0, 0
6.4690, 484, 609, 0, 0
6.4940, 481, 610, 0, 0
6.5180, 476, 611, 0, 0
6.5440, 473, 612, 0, 0
6.5680, 473, 612, 0, 0
6.5930, 474, 612, 0, 0
6.6190, 475, 612, 0, 0
6.6430, 476, 612, 0, 0
6.6690, 475, 613, 0, 0
6.6930, 476, 613, 0, 0
6.7180, 475, 613, 0, 0
6.7440, 476, 613, 0, 0
6.7680, 476, 613, 0, 0
6.7930, 477, 613, 0, 0
6.8180, 476, 612, 0, 0
6.8430, 476, 612, 0, 0
6.8680, 476, 612, 0, 0
6.8930, 477, 611, 0, 0
6.9180, 479, 611, 0, 0
6.9430, 481, 0, 0, 1
6.9660, 483, 0, 0, 1
6.9880, 485, 0, 0, 1
7.0120, 488, 607, 0, 0
7.0360, 491, 604, 0, 0
7.0620, 495, 602, 0, 0
7.0870, 499, 600, 0, 0
7.1110, 502, 597, 0, 0
7.1370, 505, 594, 0, 0
7.1610, 508, 592, 0, 0
7.1860, 510, 591, 0, 0
7.2110, 514, 588, 0, 0
7.2360, 516, 585, 0, 0
7.2620, 518, 584, 0, 0
7.2860, 519, 582, 0, 0
7.3110, 521, 581, 0, 0
7.3360, 524, 581, 0, 0
7.3610, 526, 580, 0, 0
7.3860, 528, 581, 0, 0
7.4110, 530, 581, 0, 0
7.4360, 531, 582, 0, 0
7.4610, 531, 582, 0, 0
7.4860, 532, 582, 0, 0
7.5100, 531, 583, 0, 0
7.5360, 530, 584, 0, 0
7.5610, 530, 583, 0, 0
7.5850, 528, 584, 0, 0
7.6110, 526, 585, 0, 0
7.6350, 525, 585, 0, 0
7.6610, 525, 0, 0, 1
7.6840, 525, 0, 0, 1
7.7060, 524, 0, 0, 1
7.7300, 524, 0, 0, 1
7.7520, 523, 0, 0, 1
7.7750, 522, 0, 0, 1
7.7980, 521, 0, 0, 1
7.8210, 519, 0, 0, 1
7.8430, 517, 595, 0, 0
7.8690, 516, 597, 0, 0
7.8930, 515, 598, 0, 0
7.9180, 515, 600, 0, 0
7.9440, 514, 601, 0, 0
7.9680, 513, 602, 0, 0
7.9940, 513, 603, 0, 0
8.0180, 513, 603, 0, 0
8.0430, 512, 604, 0, 0
8.0690, 511, 605, 0, 0
8.0930, 508, 606, 0, 0
8.1180, 507, 607, 0, 0
8.1430, 504, 607, 0, 0
8.1680, 501, 608, 0, 0
8.1940, 496, 608, 0, 0
8.2180, 492, 611, 0, 0
8.2430, 491, 612, 0, 0
8.2680, 490, 612, 0, 0
8.2930, 491, 612, 0, 0
8.3170, 491, 612, 0, 0
8.3430, 491, 612, 0, 0
8.3680, 488, 613, 0, 0
8.3930, 488, 613, 0, 0
8.4180, 488, 612, 0, 0
8.4420, 491, 612, 0, 0
8.4680, 494, 612, 0, 0
8.4930, 497, 610, 0, 0
8.5170, 499, 610, 0, 0
8.5430, 501, 609, 0, 0
8.5670, 502, 609, 0, 0
8.5930, 503, 608, 0, 0
8.6170, 504, 607, 0, 0
8.6420, 506, 605, 0, 0
8.6680, 506, 603, 0, 0
8.6920, 508, 601, 0, 0
8.7170, 509, 599, 0, 0
8.7420, 511, 597, 0, 0
8.7670, 512, 594, 0, 0
8.7930, 514, 591, 0, 0
8.8170, 516, 589, 0, 0
8.8420, 518, 586, 0, 0
8.8670, 520, 584, 0, 0
8.8920, 523, 582, 0, 0
8.9160, 525, 580, 0, 0
8.9420, 526, 578, 0, 0
8.9670, 527, 577, 0, 0
8.9920, 527, 577, 0, 0
9.0170, 528, 577, 0, 0
9.0410, 529, 577, 0, 0
9.0670, 529, 577, 0, 0
9.0920, 529, 577, 0, 0
9.1160, 530, 577, 0, 0
9.1420, 530, 577, 0, 0
9.1660, 529, 577, 0, 0
9.1920, 529, 578, 0, 0
9.2160, 529, 578, 0, 0
9.2410, 528, 578, 0, 0
9.2670, 528, 579, 0, 0
9.2910, 527, 579, 0, 0
9.3160, 524, 580, 0, 0
9.3410, 520, 582, 0, 0
9.3660, 515, 584, 0, 0
9.3920, 511, 0, 0, 1
9.4140, 509, 0, 0, 1
9.4370, 509, 0, 0, 1
9.4600, 509, 591, 0, 0
9.4850, 508, 592, 0, 0
9.5090, 506, 592, 0, 0
9.5350, 506, 594, 0, 0
9.5600, 506, 595, 0, 0
9.5840, 506, 596, 0, 0
9.6100, 507, 596, 0, 0
9.6340, 507, 597, 0, 0
9.6600, 507, 597, 0, 0
9.6840, 506, 598, 0, 0
9.7090, 504, 600, 0, 0
9.7350, 503, 601, 0, 0
9.7590, 502, 602, 0, 0
9.7840, 501, 603, 0, 0
9.8090, 501, 604, 0, 0
9.8340, 499, 604, 0, 0
9.8600, 499, 605, 0, 0
9.8840, 498, 606, 0, 0
9.9090, 497, 606, 0, 0
9.9340, 497, 606, 0, 0
9.9590, 497, 606, 0, 0
9.9830, 496, 606, 0, 0
10.0090, 496, 606, 0, 0
10.0350, 496, 606, 0, 0
10.0610, 496, 605, 0, 0
10.0870, 497, 605, 0, 0
10.1120, 498, 605, 0, 0
10.1390, 499, 605, 0, 0
10.1650, 500, 604, 0, 0
10.1910, 503, 603, 0, 0
10.2170, 505, 600, 0, 0
10.2430, 507, 598, 0, 0
10.2690, 510, 594, 0, 0
10.2950, 514, 592, 0, 0
10.3200, 516, 589, 0, 0
10.3470, 518, 586, 0, 0
10.3730, 520, 585, 0, 0
10.3990, 521, 583, 0, 0
10.4250, 522, 583, 0, 0
10.4500, 522, 582, 0, 0
10.4770, 523, 582, 0, 0
10.5030, 524, 581, 0, 0
10.5290, 525, 581, 0, 0
10.5550, 526, 581, 0, 0
10.5800, 527, 580, 0, 0
10.6070, 528, 580, 0, 0
10.6330, 528, 0, 0, 1
10.6570, 529, 581, 0, 0
10.6830, 530, 580, 0, 0
10.7080, 529, 580, 0, 0
10.7350, 529, 580, 0, 0
10.7610, 528, 580, 0, 0
10.7860, 526, 581, 0, 0
10.8130, 524, 582, 0, 0
10.8380, 523, 0, 0, 1
10.8630, 522, 0, 0, 1
10.8870, 521, 0, 0, 1
10.9100, 522, 583, 0, 0
10.9370, 521, 584, 0, 0
10.9620, 521, 586, 0, 0
10.9890, 520, 587, 0, 0
11.0150, 518, 588, 0, 0
11.0400, 516, 590, 0, 0
11.0670, 515, 592, 0, 0
11.0920, 516, 593, 0, 0
11.1180, 516, 594, 0, 0
11.1450, 517, 594, 0, 0
11.1700, 517, 594, 0, 0
11.1970, 517, 595, 0, 0
11.2220, 517, 596, 0, 0
11.2480, 516, 597, 0, 0
11.2750, 516, 598, 0, 0
11.3000, 514, 599, 0, 0
11.3270, 512, 600, 0, 0
11.3530, 508, 602, 0, 0
11.3780, 505, 603, 0, 0
11.4050, 502, 605, 0, 0
11.4300, 500, 606, 0, 0
11.4570, 498, 606, 0, 0
11.4830, 496, 606, 0, 0
11.5080, 496, 607, 0, 0
11.5350, 496, 607, 0, 0
11.5600, 495, 607, 0, 0
11.5860, 495, 606, 0, 0
11.6130, 496, 607, 0, 0
11.6380, 497, 606, 0, 0
11.6650, 498, 606, 0, 0
11.6900, 499, 606, 0, 0
11.7160, 499, 605, 0, 0
11.7430, 499, 605, 0, 0
11.7680, 500, 605, 0, 0
11.7950, 500, 605, 0, 0
11.8210, 501, 604, 0, 0
11.8460, 503, 602, 0, 0
11.8730, 504, 0, 0, 1
11.8960, 506, 0, 0, 1
11.9210, 508, 0, 0, 1
11.9440, 510, 0, 0, 1
11.9680, 512, 0, 0, 1
11.9930, 513, 0, 0, 1
12.0160, 514, 0, 0, 1
12.0400, 515, 0, 0, 1
12.0640, 517, 0, 0, 1
12.0880, 518, 0, 0, 1
12.1110, 519, 0, 0, 1
12.1360, 521, 0, 0, 1
12.1590, 522, 0, 0, 1
12.1830, 523, 0, 0, 1
12.2080, 524, 0, 0, 1
12.2310, 524, 0, 0, 1
12.2560, 524, 578, 0, 0
12.2810, 524, 579, 0, 0
12.3070, 525, 579, 0, 0
12.3340, 525, 579, 0, 0
12.3590, 525, 580, 0, 0
12.3850, 523, 0, 0, 1
12.4090, 522, 0, 0, 1
12.4330, 521, 0, 0, 1
12.4570, 519, 0, 0, 1
12.4810, 518, 0, 0, 1
12.5050, 516, 0, 0, 1
12.5290, 514, 0, 0, 1
12.5530, 513, 0, 0, 1
12.5760, 512, 0, 0, 1
12.6010, 512, 0, 0, 1
12.6240, 513, 0, 0, 1
12.6480, 512, 0, 0, 1
12.6720, 511, 0, 0, 1
12.6960, 510, 0, 0, 1
12.7210, 508, 0, 0, 1
12.7440, 506, 0, 0, 1
12.7680, 502, 603, 0, 0
12.7940, 499, 606, 0, 0
12.8200, 497, 607, 0, 0
12.8460, 497, 608, 0, 0
12.8720, 498, 608, 0, 0
12.8980, 500, 608, 0, 0
12.9240, 500, 608, 0, 0
12.9500, 498, 609, 0, 0
12.9760, 494, 610, 0, 0
13.0020, 492, 611, 0, 0
13.0280, 491, 612, 0, 0
13.0540, 491, 611, 0, 0
13.0800, 492, 611, 0, 0
13.1060, 492, 611, 0, 0
13.1320, 494, 611, 0, 0
13.1580, 495, 611, 0, 0
13.1830, 496, 611, 0, 0
13.2100, 496, 611, 0, 0
13.2360, 498, 611, 0, 0
13.2620, 498, 610, 0, 0
13.2880, 498, 610, 0, 0
13.3140, 497, 0, 0, 1
13.3380, 496, 0, 0, 1
13.3620, 496, 0, 0, 1
13.3860, 494, 0, 0, 1
13.4100, 494, 0, 0, 1
13.4330, 494, 0, 0, 1
13.4580, 494, 0, 0, 1
13.4810, 494, 0, 0, 1
13.5050, 494, 0, 0, 1
13.5300, 496, 0, 0, 1
13.5530, 497, 597, 0, 0
13.5790, 499, 594, 0, 0
13.6050, 502, 592, 0, 0
13.6310, 505, 590, 0, 0
13.6580, 509, 587, 0, 0
13.6830, 513, 584, 0, 0
13.7090, 517, 581, 0, 0
13.7350, 519, 579, 0, 0
13.7610, 520, 575, 0, 0
13.7880, 522, 573, 0, 0
13.8130, 524, 571, 0, 0
13.8390, 526, 569, 0, 0
13.8650, 527, 569, 0, 0
13.8910, 526, 569, 0, 0
13.9180, 525, 570, 0, 0
13.9430, 524, 572, 0, 0
13.9690, 522, 574, 0, 0
13.9950, 520, 576, 0, 0
14.0210, 519, 579, 0, 0
14.0470, 517, 582, 0, 0
14.0730, 516, 0, 0, 1
14.0970, 515, 0, 0, 1
14.1210, 513, 0, 0, 1
14.1450, 512, 0, 0, 1
14.1690, 510, 0, 0, 1
14.1930, 509, 0, 0, 1
14.2170, 508, 0, 0, 1
14.2400, 507, 0, 0, 1
14.2650, 506, 0, 0, 1
14.2880, 504, 0, 0, 1
14.3120, 503, 0, 0, 1
14.3360, 502, 0, 0, 1
14.3600, 501, 0, 0, 1
14.3850, 502, 0, 0, 1
14.4080, 502, 0, 0, 1
14.4320, 503, 0, 0, 1
14.4560, 502, 0, 0, 1
14.4800, 500, 0, 0, 1
14.5030, 498, 0, 0, 1
14.5280, 495, 0, 0, 1
14.5520, 492, 0, 0, 1
14.5750, 491, 0, 0, 1
14.6000, 491, 0, 0, 1
14.6230, 492, 0, 0, 1
14.6470, 491, 0, 0, 1
14.6710, 492, 0, 0, 1
14.6950, 492, 0, 0, 1
14.7190, 491, 0, 0, 1
14.7430, 492, 0, 0, 1
14.7670, 492, 0, 0, 1
14.7910, 492, 0, 0, 1
14.8150, 493, 0, 0, 1
14.8380, 495, 0, 0, 1
14.8630, 496, 0, 0, 1
14.8860, 497, 0, 0, 1
14.9100, 498, 0, 0, 1
14.9340, 499, 0, 0, 1
14.9580, 500, 0, 0, 1
14.9830, 500, 0, 0, 1
15.0060, 501, 0, 0, 1
15.0300, 502, 0, 0, 1
15.0540, 505, 0, 0, 1
15.0780, 508, 0, 0, 1
15.1010, 512, 0, 0, 1
15.1260, 516, 0, 0, 1
15.1500, 519, 0, 0, 1
15.1730, 521, 0, 0, 1
15.1980, 524, 0, 0, 1
15.2210, 527, 0, 0, 1
15.2450, 528, 0, 0, 1
15.2690, 530, 0, 0, 1
15.2930, 532, 0, 0, 1
15.3170, 533, 0, 0, 1
15.3410, 535, 0, 0, 1
15.3650, 536, 570, 0, 0
15.3910, 538, 567, 0, 0
15.4170, 538, 567, 0, 0
15.4420, 538, 566, 0, 0
15.4690, 538, 567, 0, 0
15.4950, 537, 0, 0, 1
15.5190, 537, 0, 0, 1
15.5430, 536, 570, 0, 0
15.5680, 534, 0, 0, 1
15.5930, 532, 0, 0, 1
15.6160, 531, 0, 0, 1
15.6400, 529, 5, 0, 1
15.6650, 527, 0, 0, 1
15.6880, 525, 0, 0, 1
15.7120, 524, 0, 0, 1
15.7360, 521, 0, 0, 1
15.7600, 518, 583, 0, 0
15.7860, 514, 585, 0, 0
15.8120, 511, 0, 0, 1
15.8360, 509, 0, 0, 1
15.8600, 504, 0, 0, 1
15.8840, 496, 0, 0, 1
15.9070, 491, 0, 0, 1
15.9320, 488, 0, 0, 1
15.9550, 486, 0, 0, 1
15.9790, 486, 0, 0, 1
16.0040, 487, 0, 0, 1
16.0270, 489, 0, 0, 1
16.0520, 489, 0, 0, 1
16.0750, 490, 606, 0, 0
16.1010, 489, 606, 0, 0
16.1270, 489, 608, 0, 0
16.1530, 487, 609, 0, 0
16.1790, 485, 610, 0, 0
16.2050, 484, 611, 0, 0
Trial 5 ended
Trial 6 started
time, up, down, lbl_up, lbl_down
0.0000, 517, 587, 0, 0
0.0090, 517, 587, 0, 0
0.0350, 517, 586, 0, 0
0.0590, 517, 587, 0, 0
0.0840, 517, 587, 0, 0
0.1090, 517, 587, 0, 0
0.1340, 517, 587, 0, 0
0.1590, 517, 588, 0, 0
0.1840, 516, 588, 0, 0
0.2090, 515, 588, 0, 0
0.2340, 515, 588, 0, 0
0.2590, 514, 588, 0, 0
0.2830, 513, 588, 0, 0
0.3090, 513, 589, 0, 0
0.3340, 514, 589, 0, 0
0.3590, 514, 589, 0, 0
0.3840, 514, 589, 0, 0
0.4080, 513, 590, 0, 0
0.4340, 512, 590, 0, 0
0.4580, 512, 591, 0, 0
0.4830, 512, 592, 0, 0
0.5090, 512, 592, 0, 0
0.5330, 511, 592, 0, 0
0.5590, 511, 593, 0, 0
0.5830, 511, 593, 0, 0
0.6080, 511, 592, 0, 0
0.6340, 511, 592, 0, 0
0.6580, 511, 592, 0, 0
0.6830, 511, 592, 0, 0
0.7080, 513, 591, 0, 0
0.7330, 513, 0, 0, 1
0.7560, 515, 0, 0, 1
0.7790, 517, 0, 0, 1
0.8010, 518, 0, 0, 1
0.8250, 520, 0, 0, 1
0.8480, 522, 0, 0, 1
0.8700, 524, 0, 0, 1
0.8940, 525, 0, 0, 1
0.9160, 527, 0, 0, 1
0.9390, 529, 0, 0, 1
0.9620, 530, 0, 0, 1
0.9850, 532, 0, 0, 1
1.0070, 532, 0, 0, 1
1.0310, 533, 0, 0, 1
1.0530, 533, 0, 0, 1
1.0760, 533, 0, 0, 1
1.0990, 533, 0, 0, 1
1.1220, 533, 0, 0, 1
1.1450, 532, 0, 0, 1
1.1680, 532, 0, 0, 1
1.1910, 531, 0, 0, 1
1.2130, 530, 0, 0, 1
1.2370, 528, 0, 0, 1
1.2590, 528, 0, 0, 1
1.2820, 526, 0, 0, 1
1.3050, 526, 0, 0, 1
1.3280, 526, 0, 0, 1
1.3500, 525, 0, 0, 1
1.3740, 525, 0, 0, 1
1.3960, 524, 0, 0, 1
1.4190, 522, 0, 0, 1
1.4430, 520, 0, 0, 1
1.4650, 518, 0, 0, 1
1.4890, 517, 0, 0, 1
1.5110, 517, 581, 0, 0
1.5360, 516, 582, 0, 0
1.5610, 514, 583, 0, 0
1.5860, 514, 585, 0, 0
1.6100, 512, 587, 0, 0
1.6360, 511, 589, 0, 0
1.6610, 511, 590, 0, 0
1.6850, 510, 591, 0, 0
1.7110, 510, 592, 0, 0
1.7350, 509, 592, 0, 0
1.7610, 508, 593, 0, 0
1.7860, 507, 594, 0, 0
1.8100, 505, 595, 0, 0
1.8360, 504, 596, 0, 0
1.8600, 503, 597, 0, 0
1.8850, 502, 597, 0, 0
1.9100, 502, 597, 0, 0
1.9350, 502, 598, 0, 0
1.9610, 503, 598, 0, 0
1.9850, 504, 598, 0, 0
2.0100, 504, 599, 0, 0
2.0350, 506, 599, 0, 0
2.0600, 506, 599, 0, 0
2.0850, 506, 598, 0, 0
2.1100, 506, 599, 0, 0
2.1350, 506, 599, 0, 0
2.1600, 506, 599, 0, 0
2.1850, 505, 598, 0, 0
2.2090, 506, 598, 0, 0
2.2350, 507, 597, 0, 0
2.2600, 507, 596, 0, 0
2.2840, 508, 594, 0, 0
2.3100, 509, 593, 0, 0
2.3340, 510, 592, 0, 0
2.3600, 511, 592, 0, 0
2.3850, 511, 590, 0, 0
2.4090, 513, 589, 0, 0
2.4350, 513, 587, 0, 0
2.4590, 515, 585, 0, 0
2.4840, 516, 0, 0, 1
2.5070, 518, 0, 0, 1
2.5300, 519, 0, 0, 1
2.5540, 521, 0, 0, 1
2.5760, 523, 0, 0, 1
2.5990, 525, 0, 0, 1
2.6220, 527, 0, 0, 1
2.6450, 528, 0, 0, 1
2.6670, 529, 0, 0, 1
2.6910, 530, 0, 0, 1
2.7130, 530, 0, 0, 1
2.7360, 530, 0, 0, 1
2.7590, 529, 0, 0, 1
2.7820, 527, 0, 0, 1
2.8040, 525, 0, 0, 1
2.8280, 523, 0, 0, 1
2.8510, 521, 0, 0, 1
2.8730, 519, 0, 0, 1
2.8970, 518, 0, 0, 1
2.9190, 518, 0, 0, 1
2.9420, 517, 0, 0, 1
2.9650, 517, 0, 0, 1
2.9880, 517, 0, 0, 1
3.0100, 516, 0, 0, 1
3.0340, 515, 0, 0, 1
3.0560, 514, 0, 0, 1
3.0790, 514, 0, 0, 1
3.1020, 514, 0, 0, 1
3.1250, 514, 0, 0, 1
3.1470, 513, 586, 0, 0
3.1730, 513, 588, 0, 0
3.1980, 511, 590, 0, 0
3.2230, 510, 592, 0, 0
3.2480, 509, 593, 0, 0
3.2720, 510, 594, 0, 0
3.2980, 511, 594, 0, 0
3.3230, 512, 594, 0, 0
3.3470, 513, 595, 0, 0
3.3730, 513, 596, 0, 0
3.3970, 513, 597, 0, 0
3.4230, 513, 598, 0, 0
3.4480, 512, 600, 0, 0
3.4720, 511, 601, 0, 0
3.4980, 510, 602, 0, 0
3.5220, 510, 602, 0, 0
3.5470, 512, 602, 0, 0
3.5720, 512, 602, 0, 0
3.5970, 514, 601, 0, 0
3.6230, 514, 601, 0, 0
3.6470, 514, 601, 0, 0
3.6720, 513, 602, 0, 0
3.6970, 512, 602, 0, 0
3.7220, 511, 602, 0, 0
3.7470, 510, 602, 0, 0
3.7720, 508, 602, 0, 0
3.7970, 507, 601, 0, 0
3.8220, 506, 0, 0, 1
3.8450, 505, 0, 0, 1
3.8670, 505, 0, 0, 1
3.8910, 506, 0, 0, 1
3.9130, 507, 0, 0, 1
3.9360, 508, 0, 0, 1
3.9600, 509, 0, 0, 1
3.9820, 510, 0, 0, 1
4.0050, 512, 0, 0, 1
4.0280, 513, 0, 0, 1
4.0510, 515, 0, 0, 1
4.0730, 517, 0, 0, 1
4.0970, 520, 0, 0, 1
4.1190, 523, 0, 0, 1
4.1420, 526, 0, 0, 1
4.1650, 528, 0, 0, 1
4.1880, 530, 0, 0, 1
4.2100, 531, 0, 0, 1
4.2340, 532, 0, 0, 1
4.2560, 533, 0, 0, 1
4.2790, 533, 0, 0, 1
4.3030, 533, 0, 0, 1
4.3250, 534, 0, 0, 1
4.3480, 534, 0, 0, 1
4.3710, 533, 0, 0, 1
4.3940, 532, 0, 0, 1
4.4170, 531, 0, 0, 1
4.4400, 529, 0, 0, 1
4.4620, 527, 0, 0, 1
4.4860, 526, 0, 0, 1
4.5080, 525, 0, 0, 1
4.5310, 524, 0, 0, 1
4.5540, 523, 0, 0, 1
4.5770, 522, 0, 0, 1
4.6000, 522, 0, 0, 1
4.6230, 521, 0, 0, 1
4.6460, 522, 0, 0, 1
4.6680, 523, 0, 0, 1
4.6920, 524, 0, 0, 1
4.7140, 523, 0, 0, 1
4.7370, 523, 0, 0, 1
4.7600, 521, 0, 0, 1
4.7830, 520, 0, 0, 1
4.8050, 520, 0, 0, 1
4.8290, 520, 0, 0, 1
4.8510, 520, 0, 0, 1
4.8740, 521, 0, 0, 1
4.8970, 521, 0, 0, 1
4.9200, 521, 0, 0, 1
4.9430, 520, 0, 0, 1
4.9660, 520, 533, 0, 0
4.9910, 520, 592, 0, 0
5.0160, 521, 593, 0, 0
5.0410, 521, 594, 0, 0
5.0650, 522, 595, 0, 0
5.0910, 522, 596, 0, 0
5.1160, 521, 598, 0, 0
5.1400, 519, 601, 0, 0
5.1660, 518, 602, 0, 0
5.1900, 518, 604, 0, 0
5.2160, 518, 604, 0, 0
5.2410, 519, 604, 0, 0
5.2650, 520, 604, 0, 0
5.2910, 520, 604, 0, 0
5.3150, 521, 603, 0, 0
5.3400, 520, 604, 0, 0
5.3650, 520, 603, 0, 0
5.3900, 520, 603, 0, 0
5.4160, 520, 602, 0, 0
5.4400, 519, 602, 0, 0
5.4650, 519, 0, 0, 1
5.4880, 518, 0, 0, 1
5.5110, 518, 0, 0, 1
5.5330, 518, 0, 0, 1
5.5570, 518, 0, 0, 1
5.5790, 518, 0, 0, 1
5.6020, 518, 0, 0, 1
5.6260, 518, 0, 0, 1
5.6480, 518, 0, 0, 1
5.6710, 519, 0, 0, 1
5.6940, 520, 0, 0, 1
5.7170, 521, 0, 0, 1
5.7390, 522, 0, 0, 1
5.7630, 523, 0, 0, 1
5.7850, 524, 0, 0, 1
5.8080, 526, 0, 0, 1
5.8310, 527, 0, 0, 1
5.8540, 528, 0, 0, 1
5.8760, 529, 0, 0, 1
5.9000, 530, 573, 0, 0
5.9250, 530, 0, 0, 1
5.9480, 531, 572, 0, 0
5.9730, 531, 572, 0, 0
5.9970, 531, 572, 0, 0
6.0230, 530, 0, 0, 1
6.0450, 530, 0, 0, 1
6.0680, 530, 573, 0, 0
6.0940, 529, 573, 0, 0
6.1180, 528, 574, 0, 0
6.1430, 526, 575, 0, 0
6.1680, 524, 576, 0, 0
6.1930, 522, 577, 0, 0
6.2180, 520, 578, 0, 0
6.2430, 519, 578, 0, 0
6.2680, 519, 578, 0, 0
6.2930, 518, 0, 0, 1
6.3160, 518, 0, 0, 1
6.3380, 518, 0, 0, 1
6.3620, 518, 0, 0, 1
6.3840, 517, 0, 0, 1
6.4070, 517, 0, 0, 1
6.4300, 516, 0, 0, 1
6.4530, 515, 0, 0, 1
6.4750, 514, 0, 0, 1
6.4990, 513, 0, 0, 1
6.5220, 513, 0, 0, 1
6.5440, 514, 0, 0, 1
6.5680, 514, 0, 0, 1
6.5900, 515, 0, 0, 1
6.6140, 514, 0, 0, 1
6.6360, 513, 0, 0, 1
6.6590, 513, 0, 0, 1
6.6820, 513, 597, 0, 0
6.7070, 513, 598, 0, 0
6.7310, 513, 598, 0, 0
6.7570, 511, 599, 0, 0
6.7820, 508, 601, 0, 0
6.8060, 504, 603, 0, 0
6.8320, 503, 605, 0, 0
6.8560, 502, 602, 0, 0
6.8820, 504, 0, 0, 1
6.9050, 505, 0, 0, 1
6.9270, 506, 0, 0, 1
6.9510, 506, 0, 0, 1
6.9730, 505, 0, 0, 1
6.9960, 504, 0, 0, 1
7.0190, 502, 0, 0, 1
7.0420, 501, 0, 0, 1
7.0640, 500, 0, 0, 1
7.0880, 500, 0, 0, 1
7.1100, 500, 0, 0, 1
7.1330, 500, 0, 0, 1
7.1560, 499, 0, 0, 1
7.1790, 499, 0, 0, 1
7.2010, 499, 0, 0, 1
7.2250, 500, 0, 0, 1
7.2480, 501, 0, 0, 1
7.2700, 502, 0, 0, 1
7.2940, 503, 0, 0, 1
7.3160, 504, 0, 0, 1
7.3390, 505, 0, 0, 1
7.3620, 507, 0, 0, 1
7.3850, 508, 591, 0, 0
7.4090, 510, 0, 0, 1
7.4330, 511, 0, 0, 1
7.4550, 512, 0, 0, 1
7.4790, 514, 0, 0, 1
7.5020, 515, 0, 0, 1
7.5240, 517, 0, 0, 1
7.5480, 518, 0, 0, 1
7.5700, 519, 0, 0, 1
7.5930, 520, 0, 0, 1
7.6160, 520, 0, 0, 1
7.6390, 521, 0, 0, 1
7.6610, 521, 0, 0, 1
7.6850, 522, 0, 0, 1
7.7070, 523, 0, 0, 1
7.7300, 523, 0, 0, 1
7.7530, 523, 0, 0, 1
7.7760, 523, 0, 0, 1
7.7980, 523, 0, 0, 1
7.8220, 523, 0, 0, 1
7.8450, 522, 0, 0, 1
7.8670, 521, 0, 0, 1
7.8910, 520, 0, 0, 1
7.9130, 519, 0, 0, 1
7.9360, 518, 0, 0, 1
7.9590, 517, 0, 0, 1
7.9820, 516, 0, 0, 1
8.0040, 515, 0, 0, 1
8.0280, 513, 0, 0, 1
8.0500, 510, 0, 0, 1
8.0730, 507, 0, 0, 1
8.0960, 502, 0, 0, 1
8.1190, 496, 0, 0, 1
8.1420, 493, 0, 0, 1
8.1650, 490, 0, 0, 1
8.1880, 489, 0, 0, 1
8.2110, 490, 0, 0, 1
8.2340, 490, 602, 0, 0
8.2580, 491, 603, 0, 0
8.2840, 491, 603, 0, 0
8.3080, 492, 604, 0, 0
8.3330, 491, 605, 0, 0
8.3590, 490, 605, 0, 0
8.3830, 489, 606, 0, 0
8.4080, 487, 606, 0, 0
8.4330, 486, 607, 0, 0
8.4580, 486, 607, 0, 0
8.4840, 484, 607, 0, 0
8.5080, 484, 608, 0, 0
8.5330, 485, 608, 0, 0
8.5580, 487, 608, 0, 0
8.5830, 490, 608, 0, 0
8.6070, 491, 608, 0, 0
8.6330, 493, 607, 0, 0
8.6580, 495, 607, 0, 0
8.6830, 496, 606, 0, 0
8.7080, 498, 605, 0, 0
8.7320, 499, 0, 0, 1
8.7560, 500, 0, 0, 1
8.7780, 500, 0, 0, 1
8.8010, 500, 0, 0, 1
8.8250, 499, 0, 0, 1
8.8470, 499, 0, 0, 1
8.8700, 500, 0, 0, 1
8.8930, 501, 0, 0, 1
8.9160, 503, 0, 0, 1
8.9380, 505, 0, 0, 1
8.9620, 507, 0, 0, 1
8.9840, 510, 0, 0, 1
9.0070, 513, 0, 0, 1
9.0300, 516, 0, 0, 1
9.0530, 518, 0, 0, 1
9.0760, 521, 0, 0, 1
9.0990, 523, 0, 0, 1
9.1210, 525, 0, 0, 1
9.1450, 527, 0, 0, 1
9.1680, 528, 0, 0, 1
9.1900, 529, 0, 0, 1
9.2140, 530, 0, 0, 1
9.2360, 531, 0, 0, 1
9.2590, 533, 0, 0, 1
9.2820, 534, 0, 0, 1
9.3050, 535, 0, 0, 1
9.3270, 535, 0, 0, 1
9.3510, 535, 0, 0, 1
9.3730, 534, 0, 0, 1
9.3960, 535, 0, 0, 1
9.4190, 534, 0, 0, 1
9.4420, 533, 0, 0, 1
9.4650, 532, 0, 0, 1
9.4880, 531, 0, 0, 1
9.5110, 530, 0, 0, 1
9.5330, 530, 0, 0, 1
9.5570, 530, 0, 0, 1
9.5790, 529, 0, 0, 1
9.6020, 529, 0, 0, 1
9.6250, 528, 0, 0, 1
9.6480, 527, 0, 0, 1
9.6700, 526, 0, 0, 1
9.6940, 526, 0, 0, 1
9.7160, 526, 0, 0, 1
9.7390, 526, 0, 0, 1
9.7630, 526, 0, 0, 1
9.7850, 525, 0, 0, 1
9.8090, 523, 0, 0, 1
9.8310, 522, 0, 0, 1
9.8540, 522, 0, 0, 1
9.8770, 522, 0, 0, 1
9.9000, 522, 594, 0, 0
9.9240, 522, 594, 0, 0
9.9500, 522, 595, 0, 0
9.9740, 521, 596, 0, 0
9.9990, 519, 597, 0, 0
10.0250, 518, 598, 0, 0
10.0500, 517, 599, 0, 0
10.0770, 516, 600, 0, 0
10.1020, 515, 600, 0, 0
10.1280, 515, 600, 0, 0
10.1550, 515, 600, 0, 0
10.1800, 515, 601, 0, 0
10.2060, 515, 601, 0, 0
10.2330, 514, 600, 0, 0
10.2580, 512, 600, 0, 0
10.2850, 510, 601, 0, 0
10.3100, 509, 0, 0, 1
10.3340, 510, 0, 0, 1
10.3580, 510, 0, 0, 1
10.3820, 511, 0, 0, 1
10.4060, 512, 0, 0, 1
10.4300, 512, 0, 0, 1
10.4540, 513, 0, 0, 1
10.4780, 514, 0, 0, 1
10.5020, 516, 0, 0, 1
10.5250, 519, 0, 0, 1
10.5500, 521, 0, 0, 1
10.5740, 523, 0, 0, 1
10.5970, 523, 0, 0, 1
10.6220, 524, 589, 0, 0
10.6470, 524, 588, 0, 0
10.6740, 525, 585, 0, 0
10.6990, 526, 0, 0, 1
10.7230, 527, 0, 0, 1
10.7480, 528, 0, 0, 1
10.7710, 529, 0, 0, 1
10.7950, 529, 0, 0, 1
10.8190, 530, 0, 0, 1
10.8430, 530, 0, 0, 1
10.8660, 530, 0, 0, 1
10.8910, 531, 0, 0, 1
10.9150, 531, 0, 0, 1
10.9380, 531, 0, 0, 1
10.9630, 532, 0, 0, 1
10.9860, 532, 0, 0, 1
11.0110, 532, 0, 0, 1
11.0340, 532, 0, 0, 1
11.0580, 532, 0, 0, 1
11.0820, 532, 0, 0, 1
11.1060, 532, 0, 0, 1
11.1300, 531, 0, 0, 1
11.1540, 531, 0, 0, 1
11.1780, 531, 0, 0, 1
11.2010, 529, 0, 0, 1
11.2260, 529, 0, 0, 1
11.2490, 528, 580, 0, 0
11.2760, 526, 580, 0, 0
11.3020, 523, 583, 0, 0
11.3270, 520, 0, 0, 1
11.3520, 515, 0, 0, 1
11.3750, 514, 0, 0, 1
11.3990, 514, 0, 0, 1
11.4230, 514, 0, 0, 1
11.4470, 514, 0, 0, 1
11.4710, 515, 0, 0, 1
11.4950, 515, 0, 0, 1
11.5190, 516, 594, 0, 0
11.5450, 516, 595, 0, 0
11.5710, 515, 597, 0, 0
11.5960, 514, 598, 0, 0
11.6230, 513, 600, 0, 0
11.6490, 511, 601, 0, 0
11.6750, 511, 602, 0, 0
11.7010, 510, 603, 0, 0
11.7270, 509, 603, 0, 0
11.7530, 508, 604, 0, 0
11.7790, 507, 604, 0, 0
11.8050, 507, 604, 0, 0
11.8310, 507, 604, 0, 0
11.8570, 507, 604, 0, 0
11.8830, 507, 603, 0, 0
11.9090, 508, 603, 0, 0
11.9340, 508, 604, 0, 0
11.9610, 508, 604, 0, 0
11.9870, 508, 604, 0, 0
12.0130, 508, 604, 0, 0
12.0390, 508, 603, 0, 0
12.0640, 508, 603, 0, 0
12.0910, 509, 601, 0, 0
12.1170, 510, 601, 0, 0
12.1430, 510, 601, 0, 0
12.1690, 512, 600, 0, 0
12.1950, 513, 600, 0, 0
12.2210, 515, 599, 0, 0
12.2470, 517, 597, 0, 0
12.2730, 519, 596, 0, 0
12.2990, 522, 592, 0, 0
12.3250, 524, 589, 0, 0
12.3510, 526, 0, 0, 1
12.3750, 527, 0, 0, 1
12.3980, 527, 0, 0, 1
12.4230, 528, 0, 0, 1
12.4460, 528, 0, 0, 1
12.4710, 529, 0, 0, 1
12.4950, 530, 0, 0, 1
12.5180, 530, 0, 0, 1
12.5430, 530, 0, 0, 1
12.5660, 531, 0, 0, 1
12.5900, 530, 0, 0, 1
12.6140, 528, 0, 0, 1
12.6380, 528, 0, 0, 1
12.6610, 528, 0, 0, 1
12.6860, 528, 0, 0, 1
12.7100, 528, 0, 0, 1
12.7330, 528, 0, 0, 1
12.7580, 528, 0, 0, 1
12.7810, 528, 0, 0, 1
12.8060, 529, 0, 0, 1
12.8290, 529, 0, 0, 1
12.8530, 529, 0, 0, 1
12.8780, 529, 0, 0, 1
12.9010, 528, 0, 0, 1
12.9250, 528, 0, 0, 1
12.9490, 527, 0, 0, 1
12.9730, 527, 0, 0, 1
12.9960, 525, 0, 0, 1
13.0210, 524, 0, 0, 1
13.0440, 522, 0, 0, 1
13.0680, 521, 0, 0, 1
13.0930, 519, 0, 0, 1
13.1160, 518, 0, 0, 1
13.1410, 517, 0, 0, 1
13.1640, 517, 0, 0, 1
13.1880, 517, 0, 0, 1
13.2120, 518, 0, 0, 1
13.2360, 517, 0, 0, 1
13.2590, 515, 0, 0, 1
13.2840, 511, 0, 0, 1
13.3080, 507, 0, 0, 1
13.3310, 503, 0, 0, 1
13.3560, 503, 583, 0, 0
13.3810, 502, 597, 0, 0
13.4080, 502, 599, 0, 0
13.4340, 501, 600, 0, 0
13.4590, 502, 602, 0, 0
13.4860, 503, 601, 0, 0
13.5110, 504, 602, 0, 0
13.5380, 505, 601, 0, 0
13.5640, 506, 602, 0, 0
13.5890, 505, 603, 0, 0
13.6160, 505, 602, 0, 0
13.6410, 506, 602, 0, 0
13.6670, 506, 602, 0, 0
13.6940, 505, 603, 0, 0
13.7190, 505, 603, 0, 0
13.7460, 503, 603, 0, 0
13.7710, 502, 604, 0, 0
13.7970, 501, 604, 0, 0
13.8240, 501, 604, 0, 0
13.8490, 501, 0, 0, 1
13.8740, 501, 0, 0, 1
13.8970, 501, 0, 0, 1
13.9210, 501, 0, 0, 1
13.9460, 502, 0, 0, 1
13.9690, 502, 0, 0, 1
13.9930, 504, 0, 0, 1
14.0170, 505, 0, 0, 1
14.0410, 507, 0, 0, 1
14.0640, 508, 0, 0, 1
14.0890, 511, 0, 0, 1
14.1120, 514, 0, 0, 1
14.1370, 516, 0, 0, 1
14.1610, 518, 0, 0, 1
14.1840, 520, 0, 0, 1
14.2090, 522, 0, 0, 1
14.2320, 523, 0, 0, 1
14.2560, 525, 0, 0, 1
14.2800, 526, 0, 0, 1
14.3040, 527, 0, 0, 1
14.3280, 528, 0, 0, 1
14.3520, 530, 0, 0, 1
14.3760, 530, 0, 0, 1
14.3990, 531, 0, 0, 1
14.4240, 531, 0, 0, 1
14.4470, 531, 0, 0, 1
14.4720, 531, 0, 0, 1
14.4950, 531, 0, 0, 1
14.5190, 532, 0, 0, 1
14.5440, 532, 0, 0, 1
14.5670, 532, 0, 0, 1
14.5910, 531, 0, 0, 1
14.6150, 531, 0, 0, 1
14.6390, 531, 0, 0, 1
14.6620, 530, 0, 0, 1
14.6870, 530, 0, 0, 1
14.7100, 529, 0, 0, 1
14.7350, 528, 0, 0, 1
14.7590, 527, 0, 0, 1
14.7820, 525, 0, 0, 1
14.8070, 523, 0, 0, 1
14.8300, 521, 0, 0, 1
14.8540, 520, 0, 0, 1
14.8780, 520, 0, 0, 1
14.9020, 521, 0, 0, 1
14.9260, 522, 0, 0, 1
14.9500, 522, 0, 0, 1
14.9740, 522, 0, 0, 1
14.9970, 521, 0, 0, 1
15.0220, 520, 0, 0, 1
15.0450, 520, 0, 0, 1
15.0700, 520, 0, 0, 1
15.0930, 520, 0, 0, 1
15.1170, 521, 594, 0, 0
15.1440, 521, 595, 0, 0
15.1690, 521, 596, 0, 0
15.1950, 519, 598, 0, 0
15.2210, 519, 599, 0, 0
15.2470, 518, 600, 0, 0
15.2740, 517, 600, 0, 0
15.2990, 516, 602, 0, 0
15.3250, 514, 602, 0, 0
15.3520, 511, 604, 0, 0
15.3770, 509, 605, 0, 0
15.4040, 508, 605, 0, 0
15.4290, 508, 606, 0, 0
15.4550, 508, 606, 0, 0
15.4820, 508, 606, 0, 0
15.5070, 507, 606, 0, 0
15.5340, 508, 606, 0, 0
15.5590, 507, 607, 0, 0
15.5850, 507, 607, 0, 0
15.6120, 508, 0, 0, 1
15.6350, 508, 0, 0, 1
15.6590, 509, 0, 0, 1
15.6830, 509, 0, 0, 1
15.7070, 510, 0, 0, 1
15.7300, 510, 0, 0, 1
15.7550, 512, 0, 0, 1
15.7790, 513, 0, 0, 1
15.8030, 516, 0, 0, 1
15.8270, 517, 0, 0, 1
15.8500, 519, 0, 0, 1
15.8750, 520, 0, 0, 1
15.8980, 521, 0, 0, 1
15.9220, 523, 0, 0, 1
15.9460, 525, 0, 0, 1
15.9700, 526, 0, 0, 1
15.9940, 528, 0, 0, 1
16.0180, 529, 0, 0, 1
16.0420, 529, 0, 0, 1
16.0660, 530, 0, 0, 1
16.0900, 530, 0, 0, 1
16.1130, 530, 0, 0, 1
16.1380, 530, 0, 0, 1
16.1610, 530, 0, 0, 1
16.1850, 531, 0, 0, 1
16.2100, 531, 0, 0, 1
16.2330, 530, 0, 0, 1
16.2570, 530, 0, 0, 1
16.2810, 530, 0, 0, 1
16.3050, 530, 0, 0, 1
16.3280, 530, 0, 0, 1
16.3530, 530, 0, 0, 1
16.3770, 530, 0, 0, 1
16.4010, 529, 0, 0, 1
16.4250, 529, 0, 0, 1
16.4480, 530, 0, 0, 1
16.4730, 529, 0, 0, 1
16.4960, 528, 0, 0, 1
16.5200, 527, 0, 0, 1
16.5440, 527, 0, 0, 1
16.5680, 524, 0, 0, 1
16.5920, 520, 0, 0, 1
16.6160, 513, 0, 0, 1
16.6400, 505, 0, 0, 1
16.6640, 499, 0, 0, 1
16.6880, 495, 0, 0, 1
16.7110, 492, 0, 0, 1
16.7360, 492, 0, 0, 1
16.7600, 491, 0, 0, 1
16.7830, 490, 0, 0, 1
16.8080, 488, 0, 0, 1
16.8310, 487, 0, 0, 1
16.8550, 485, 0, 0, 1
Trial 6 ended
Trial 7 started
time, up, down, lbl_up, lbl_down
0.0000, 473, 0, 0, 1
0.0080, 472, 0, 0, 1
0.0310, 471, 0, 0, 1
0.0540, 471, 0, 0, 1
0.0770, 471, 0, 0, 1
0.0990, 473, 0, 0, 1
0.1230, 474, 0, 0, 1
0.1450, 475, 0, 0, 1
0.1680, 477, 0, 0, 1
0.1910, 479, 0, 0, 1
0.2140, 480, 0, 0, 1
0.2370, 482, 0, 0, 1
0.2600, 484, 0, 0, 1
0.2830, 485, 0, 0, 1
0.3050, 487, 0, 0, 1
0.3290, 488, 0, 0, 1
0.3510, 489, 0, 0, 1
0.3740, 491, 0, 0, 1
0.3970, 492, 0, 0, 1
0.4200, 493, 0, 0, 1
0.4420, 494, 0, 0, 1
0.4660, 494, 0, 0, 1
0.4880, 494, 0, 0, 1
0.5120, 495, 0, 0, 1
0.5350, 495, 0, 0, 1
0.5570, 495, 0, 0, 1
0.5810, 495, 0, 0, 1
0.6030, 495, 0, 0, 1
0.6260, 495, 0, 0, 1
0.6490, 495, 0, 0, 1
0.6720, 495, 0, 0, 1
0.6940, 495, 0, 0, 1
0.7180, 496, 0, 0, 1
0.7400, 497, 0, 0, 1
0.7630, 497, 0, 0, 1
0.7860, 497, 0, 0, 1
0.8090, 496, 0, 0, 1
0.8310, 497, 0, 0, 1
0.8550, 498, 0, 0, 1
0.8780, 499, 0, 0, 1
0.9000, 500, 0, 0, 1
0.9240, 502, 0, 0, 1
0.9460, 503, 0, 0, 1
0.9690, 504, 0, 0, 1
0.9920, 505, 0, 0, 1
1.0150, 507, 0, 0, 1
1.0370, 509, 0, 0, 1
1.0610, 512, 0, 0, 1
1.0830, 516, 0, 0, 1
1.1060, 520, 0, 0, 1
1.1290, 523, 0, 0, 1
1.1520, 525, 0, 0, 1
1.1750, 528, 0, 0, 1
1.1980, 529, 0, 0, 1
1.2210, 530, 0, 0, 1
1.2440, 531, 0, 0, 1
1.2670, 531, 0, 0, 1
1.2890, 532, 0, 0, 1
1.3130, 533, 0, 0, 1
1.3350, 534, 0, 0, 1
1.3580, 536, 0, 0, 1
1.3810, 538, 0, 0, 1
1.4040, 539, 0, 0, 1
1.4260, 540, 0, 0, 1
1.4500, 541, 0, 0, 1
1.4730, 542, 0, 0, 1
1.4950, 542, 0, 0, 1
1.5190, 543, 0, 0, 1
1.5410, 543, 0, 0, 1
1.5640, 543, 0, 0, 1
1.5870, 544, 0, 0, 1
1.6100, 544, 0, 0, 1
1.6320, 544, 0, 0, 1
1.6560, 543, 0, 0, 1
1.6780, 541, 0, 0, 1
1.7010, 538, 0, 0, 1
1.7240, 535, 0, 0, 1
1.7470, 531, 0, 0, 1
1.7690, 530, 0, 0, 1
1.7930, 528, 0, 0, 1
1.8160, 527, 0, 0, 1
1.8380, 526, 0, 0, 1
1.8620, 525, 0, 0, 1
1.8840, 523, 0, 0, 1
1.9070, 522, 0, 0, 1
1.9300, 520, 0, 0, 1
1.9530, 519, 580, 0, 0
1.9780, 518, 581, 0, 0
2.0030, 516, 583, 0, 0
2.0280, 515, 583, 0, 0
2.0530, 515, 584, 0, 0
2.0780, 513, 586, 0, 0
2.1020, 513, 587, 0, 0
2.1280, 513, 588, 0, 0
2.1520, 512, 588, 0, 0
2.1780, 512, 0, 0, 1
2.2010, 509, 0, 0, 1
2.2230, 507, 589, 0, 0
2.2490, 503, 590, 0, 0
2.2730, 500, 591, 0, 0
2.2980, 499, 592, 0, 0
2.3230, 499, 592, 0, 0
2.3480, 499, 593, 0, 0
2.3730, 499, 592, 0, 0
2.3980, 498, 592, 0, 0
2.4230, 499, 0, 0, 1
2.4460, 499, 0, 0, 1
2.4690, 499, 0, 0, 1
2.4910, 500, 593, 0, 0
2.5170, 499, 594, 0, 0
2.5420, 498, 595, 0, 0
2.5660, 497, 596, 0, 0
2.5920, 496, 596, 0, 0
2.6160, 496, 596, 0, 0
2.6420, 497, 596, 0, 0
2.6660, 498, 596, 0, 0
2.6910, 499, 595, 0, 0
2.7170, 501, 595, 0, 0
2.7410, 501, 595, 0, 0
2.7660, 502, 595, 0, 0
2.7910, 503, 595, 0, 0
2.8160, 505, 594, 0, 0
2.8420, 507, 593, 0, 0
2.8660, 510, 591, 0, 0
2.8910, 512, 0, 0, 1
2.9140, 514, 0, 0, 1
2.9370, 516, 0, 0, 1
2.9590, 517, 0, 0, 1
2.9830, 519, 0, 0, 1
3.0050, 520, 0, 0, 1
3.0280, 521, 0, 0, 1
3.0520, 522, 0, 0, 1
3.0740, 523, 0, 0, 1
3.0970, 523, 0, 0, 1
3.1200, 524, 0, 0, 1
3.1430, 525, 0, 0, 1
3.1650, 526, 0, 0, 1
3.1890, 528, 0, 0, 1
3.2110, 529, 0, 0, 1
3.2340, 530, 0, 0, 1
3.2570, 531, 0, 0, 1
3.2800, 531, 0, 0, 1
3.3020, 532, 0, 0, 1
3.3260, 532, 0, 0, 1
3.3480, 532, 0, 0, 1
3.3710, 533, 0, 0, 1
3.3950, 532, 0, 0, 1
3.4170, 532, 0, 0, 1
3.4410, 532, 0, 0, 1
3.4630, 531, 0, 0, 1
3.4860, 531, 0, 0, 1
3.5090, 531, 0, 0, 1
3.5320, 530, 0, 0, 1
3.5540, 530, 0, 0, 1
3.5780, 529, 0, 0, 1
3.6000, 529, 0, 0, 1
3.6230, 528, 0, 0, 1
3.6460, 527, 0, 0, 1
3.6690, 526, 0, 0, 1
3.6920, 526, 0, 0, 1
3.7150, 524, 0, 0, 1
3.7380, 523, 0, 0, 1
3.7600, 521, 0, 0, 1
3.7840, 520, 0, 0, 1
3.8060, 520, 0, 0, 1
3.8290, 519, 0, 0, 1
3.8520, 519, 0, 0, 1
3.8750, 519, 593, 0, 0
3.8990, 519, 595, 0, 0
3.9250, 519, 596, 0, 0
3.9500, 518, 598, 0, 0
3.9750, 518, 598, 0, 0
4.0000, 518, 599, 0, 0
4.0240, 518, 600, 0, 0
4.0500, 517, 601, 0, 0
4.0740, 515, 602, 0, 0
4.0990, 510, 603, 0, 0
4.1250, 506, 605, 0, 0
4.1490, 502, 606, 0, 0
4.1750, 498, 608, 0, 0
4.1990, 496, 608, 0, 0
4.2240, 495, 609, 0, 0
4.2500, 495, 608, 0, 0
4.2740, 494, 608, 0, 0
4.2990, 495, 608, 0, 0
4.3240, 495, 608, 0, 0
4.3490, 495, 608, 0, 0
4.3750, 495, 609, 0, 0
4.3990, 496, 608, 0, 0
4.4240, 496, 608, 0, 0
4.4490, 495, 608, 0, 0
4.4740, 495, 609, 0, 0
4.4980, 495, 0, 0, 1
4.5220, 496, 0, 0, 1
4.5450, 497, 0, 0, 1
4.5670, 498, 0, 0, 1
4.5910, 499, 0, 0, 1
4.6130, 499, 0, 0, 1
4.6360, 501, 0, 0, 1
4.6590, 503, 0, 0, 1
4.6820, 505, 0, 0, 1
4.7050, 508, 0, 0, 1
4.7280, 511, 0, 0, 1
4.7500, 513, 0, 0, 1
4.7740, 515, 0, 0, 1
4.7960, 516, 0, 0, 1
4.8190, 517, 0, 0, 1
4.8420, 519, 0, 0, 1
4.8650, 520, 0, 0, 1
4.8880, 522, 0, 0, 1
4.9110, 524, 0, 0, 1
4.9340, 525, 0, 0, 1
4.9560, 526, 0, 0, 1
4.9800, 527, 0, 0, 1
5.0020, 530, 0, 0, 1
5.0250, 531, 0, 0, 1
5.0480, 532, 0, 0, 1
5.0710, 533, 0, 0, 1
5.0930, 534, 0, 0, 1
5.1170, 534, 0, 0, 1
5.1390, 534, 0, 0, 1
5.1620, 534, 0, 0, 1
5.1860, 534, 0, 0, 1
5.2080, 533, 0, 0, 1
5.2310, 533, 0, 0, 1
5.2540, 532, 0, 0, 1
5.2770, 531, 0, 0, 1
5.2990, 530, 0, 0, 1
5.3230, 528, 0, 0, 1
5.3450, 527, 0, 0, 1
5.3680, 525, 0, 0, 1
5.3910, 523, 0, 0, 1
5.4140, 521, 0, 0, 1
5.4370, 519, 0, 0, 1
5.4600, 518, 0, 0, 1
5.4820, 516, 0, 0, 1
5.5060, 515, 0, 0, 1
5.5290, 513, 0, 0, 1
5.5510, 512, 0, 0, 1
5.5750, 513, 0, 0, 1
5.5970, 514, 0, 0, 1
5.6200, 514, 0, 0, 1
5.6430, 513, 0, 0, 1
5.6660, 510, 0, 0, 1
5.6880, 506, 0, 0, 1
5.7120, 504, 0, 0, 1
5.7340, 502, 595, 0, 0
5.7590, 502, 596, 0, 0
5.7850, 504, 596, 0, 0
5.8090, 506, 596, 0, 0
5.8340, 507, 596, 0, 0
5.8590, 509, 597, 0, 0
5.8840, 509, 597, 0, 0
5.9100, 508, 598, 0, 0
5.9340, 507, 599, 0, 0
5.9590, 507, 600, 0, 0
5.9840, 507, 600, 0, 0
6.0090, 508, 600, 0, 0
6.0330, 509, 599, 0, 0
6.0590, 510, 599, 0, 0
6.0840, 510, 599, 0, 0
6.1090, 511, 600, 0, 0
6.1340, 510, 600, 0, 0
6.1580, 510, 601, 0, 0
6.1840, 510, 600, 0, 0
6.2090, 510, 600, 0, 0
6.2330, 510, 600, 0, 0
6.2590, 510, 599, 0, 0
6.2830, 509, 600, 0, 0
6.3090, 508, 600, 0, 0
6.3330, 508, 599, 0, 0
6.3580, 508, 599, 0, 0
6.3840, 509, 599, 0, 0
6.4080, 510, 598, 0, 0
6.4330, 510, 597, 0, 0
6.4580, 512, 594, 0, 0
6.4830, 513, 593, 0, 0
6.5090, 514, 0, 0, 1
6.5310, 516, 0, 0, 1
6.5540, 518, 0, 0, 1
6.5770, 519, 0, 0, 1
6.6000, 521, 0, 0, 1
6.6220, 523, 0, 0, 1
6.6460, 524, 0, 0, 1
6.6680, 526, 0, 0, 1
6.6910, 527, 0, 0, 1
6.7140, 527, 0, 0, 1
6.7370, 528, 0, 0, 1
6.7590, 529, 0, 0, 1
6.7830, 529, 0, 0, 1
6.8060, 531, 0, 0, 1
6.8280, 533, 0, 0, 1
6.8520, 534, 0, 0, 1
6.8740, 537, 0, 0, 1
6.8970, 539, 0, 0, 1
6.9200, 540, 0, 0, 1
6.9430, 540, 0, 0, 1
6.9650, 541, 0, 0, 1
6.9890, 541, 0, 0, 1
7.0110, 541, 0, 0, 1
7.0350, 541, 0, 0, 1
7.0570, 541, 0, 0, 1
7.0800, 540, 0, 0, 1
7.1030, 540, 0, 0, 1
7.1260, 539, 0, 0, 1
7.1490, 538, 0, 0, 1
7.1720, 538, 0, 0, 1
7.1950, 538, 0, 0, 1
7.2170, 537, 0, 0, 1
7.2410, 537, 0, 0, 1
7.2630, 537, 0, 0, 1
7.2860, 536, 0, 0, 1
7.3090, 535, 0, 0, 1
7.3320, 533, 0, 0, 1
7.3540, 531, 0, 0, 1
7.3780, 530, 0, 0, 1
7.4000, 528, 0, 0, 1
7.4230, 526, 0, 0, 1
7.4470, 523, 0, 0, 1
7.4690, 521, 0, 0, 1
7.4920, 517, 592, 0, 0
7.5170, 515, 594, 0, 0
7.5420, 513, 597, 0, 0
7.5670, 512, 598, 0, 0
7.5920, 511, 599, 0, 0
7.6170, 510, 600, 0, 0
7.6420, 509, 601, 0, 0
7.6670, 508, 602, 0, 0
7.6910, 509, 603, 0, 0
7.7170, 509, 603, 0, 0
7.7410, 508, 603, 0, 0
7.7670, 507, 603, 0, 0
7.7920, 505, 603, 0, 0
7.8160, 502, 604, 0, 0
7.8420, 500, 605, 0, 0
7.8660, 498, 606, 0, 0
7.8910, 497, 606, 0, 0
7.9170, 497, 606, 0, 0
7.9410, 498, 607, 0, 0
7.9670, 498, 606, 0, 0
7.9910, 498, 607, 0, 0
8.0160, 497, 606, 0, 0
8.0410, 497, 606, 0, 0
8.0660, 496, 607, 0, 0
8.0910, 495, 607, 0, 0
8.1160, 494, 607, 0, 0
8.1410, 493, 607, 0, 0
8.1660, 492, 608, 0, 0
8.1910, 492, 608, 0, 0
8.2160, 492, 607, 0, 0
8.2410, 492, 607, 0, 0
8.2660, 492, 608, 0, 0
8.2900, 492, 607, 0, 0
8.3160, 493, 0, 0, 1
8.3380, 495, 0, 0, 1
8.3610, 498, 0, 0, 1
8.3850, 501, 0, 0, 1
8.4070, 504, 0, 0, 1
8.4300, 507, 0, 0, 1
8.4530, 511, 0, 0, 1
8.4760, 514, 0, 0, 1
8.4990, 516, 0, 0, 1
8.5220, 518, 0, 0, 1
8.5440, 520, 0, 0, 1
8.5680, 522, 0, 0, 1
8.5900, 524, 0, 0, 1
8.6130, 525, 0, 0, 1
8.6360, 526, 0, 0, 1
8.6590, 527, 0, 0, 1
8.6810, 529, 0, 0, 1
8.7050, 530, 0, 0, 1
8.7280, 531, 0, 0, 1
8.7500, 532, 0, 0, 1
8.7740, 533, 0, 0, 1
8.7960, 533, 0, 0, 1
8.8190, 533, 0, 0, 1
8.8420, 533, 0, 0, 1
8.8650, 533, 0, 0, 1
8.8870, 533, 0, 0, 1
8.9110, 533, 0, 0, 1
8.9330, 531, 0, 0, 1
8.9560, 531, 0, 0, 1
8.9790, 530, 0, 0, 1
9.0020, 529, 0, 0, 1
9.0250, 528, 0, 0, 1
9.0480, 526, 0, 0, 1
9.0710, 524, 0, 0, 1
9.0930, 521, 0, 0, 1
9.1170, 518, 0, 0, 1
9.1390, 515, 0, 0, 1
9.1620, 512, 0, 0, 1
9.1850, 511, 0, 0, 1
9.2080, 508, 0, 0, 1
9.2310, 505, 0, 0, 1
9.2540, 503, 0, 0, 1
9.2760, 500, 0, 0, 1
9.3000, 497, 0, 0, 1
9.3220, 494, 0, 0, 1
9.3450, 492, 0, 0, 1
9.3690, 493, 0, 0, 1
9.3910, 495, 0, 0, 1
9.4140, 495, 0, 0, 1
9.4370, 495, 602, 0, 0
9.4620, 495, 603, 0, 0
9.4860, 493, 604, 0, 0
9.5120, 490, 606, 0, 0
9.5370, 486, 607, 0, 0
9.5610, 484, 608, 0, 0
9.5870, 480, 608, 0, 0
9.6110, 474, 609, 0, 0
9.6370, 469, 610, 0, 0
9.6610, 467, 611, 1, 0
9.6860, 467, 611, 1, 0
9.7120, 467, 611, 1, 0
9.7360, 469, 611, 0, 0
9.7610, 472, 611, 0, 0
9.7860, 475, 611, 0, 0
9.8110, 479, 610, 0, 0
9.8370, 482, 610, 0, 0
9.8610, 485, 610, 0, 0
9.8860, 487, 610, 0, 0
9.9110, 487, 610, 0, 0
9.9360, 486, 610, 0, 0
9.9600, 485, 610, 0, 0
9.9860, 485, 610, 0, 0
10.0110, 484, 609, 0, 0
10.0370, 484, 609, 0, 0
10.0630, 485, 0, 0, 1
10.0860, 485, 0, 0, 1
10.1110, 486, 0, 0, 1
10.1350, 488, 0, 0, 1
10.1580, 489, 0, 0, 1
10.1830, 492, 0, 0, 1
10.2060, 495, 0, 0, 1
10.2310, 499, 0, 0, 1
10.2540, 502, 0, 0, 1
10.2780, 505, 0, 0, 1
10.3020, 508, 0, 0, 1
10.3260, 511, 0, 0, 1
10.3500, 513, 0, 0, 1
10.3740, 516, 0, 0, 1
10.3980, 520, 0, 0, 1
10.4210, 524, 0, 0, 1
10.4460, 526, 0, 0, 1
10.4690, 529, 0, 0, 1
10.4930, 530, 0, 0, 1
10.5180, 532, 0, 0, 1
10.5410, 535, 0, 0, 1
10.5660, 537, 0, 0, 1
10.5890, 538, 0, 0, 1
10.6130, 539, 0, 0, 1
10.6370, 540, 0, 0, 1
10.6610, 539, 0, 0, 1
10.6840, 539, 0, 0, 1
10.7090, 538, 0, 0, 1
10.7330, 537, 0, 0, 1
10.7560, 535, 0, 0, 1
10.7810, 534, 0, 0, 1
10.8040, 531, 0, 0, 1
10.8290, 528, 0, 0, 1
10.8520, 524, 0, 0, 1
10.8760, 521, 0, 0, 1
10.9000, 518, 0, 0, 1
10.9240, 517, 0, 0, 1
10.9480, 517, 0, 0, 1
10.9720, 516, 0, 0, 1
10.9960, 515, 0, 0, 1
11.0190, 514, 0, 0, 1
11.0440, 512, 0, 0, 1
11.0670, 511, 0, 0, 1
11.0910, 511, 0, 0, 1
11.1160, 509, 0, 0, 1
11.1390, 507, 0, 0, 1
11.1640, 505, 0, 0, 1
11.1870, 502, 0, 0, 1
11.2110, 501, 601, 0, 0
11.2370, 500, 603, 0, 0
11.2630, 499, 605, 0, 0
11.2890, 500, 606, 0, 0
11.3150, 501, 606, 0, 0
11.3410, 502, 607, 0, 0
11.3670, 502, 607, 0, 0
11.3930, 502, 608, 0, 0
11.4190, 502, 608, 0, 0
11.4450, 501, 608, 0, 0
11.4710, 501, 609, 0, 0
11.4970, 500, 609, 0, 0
11.5230, 499, 609, 0, 0
11.5490, 498, 610, 0, 0
11.5750, 497, 610, 0, 0
11.6010, 497, 610, 0, 0
11.6280, 497, 610, 0, 0
11.6530, 497, 610, 0, 0
11.6790, 497, 610, 0, 0
11.7050, 498, 610, 0, 0
11.7310, 498, 609, 0, 0
11.7570, 500, 608, 0, 0
11.7830, 501, 608, 0, 0
11.8090, 503, 606, 0, 0
11.8350, 502, 606, 0, 0
11.8610, 503, 604, 0, 0
11.8870, 503, 0, 0, 1
11.9110, 504, 0, 0, 1
11.9350, 506, 0, 0, 1
11.9590, 508, 0, 0, 1
11.9830, 511, 0, 0, 1
12.0060, 514, 0, 0, 1
12.0310, 518, 0, 0, 1
12.0550, 521, 0, 0, 1
12.0780, 524, 0, 0, 1
12.1030, 527, 0, 0, 1
12.1260, 529, 0, 0, 1
12.1500, 531, 0, 0, 1
12.1740, 533, 0, 0, 1
12.1980, 535, 0, 0, 1
12.2210, 537, 0, 0, 1
12.2460, 539, 0, 0, 1
12.2700, 540, 0, 0, 1
12.2940, 541, 0, 0, 1
12.3180, 543, 0, 0, 1
12.3410, 543, 0, 0, 1
12.3660, 544, 0, 0, 1
12.3890, 544, 0, 0, 1
12.4130, 544, 0, 0, 1
12.4380, 545, 0, 0, 1
12.4610, 545, 0, 0, 1
12.4850, 545, 0, 0, 1
12.5090, 545, 0, 0, 1
12.5330, 546, 0, 0, 1
12.5560, 546, 0, 0, 1
12.5810, 545, 0, 0, 1
12.6040, 545, 0, 0, 1
12.6290, 545, 0, 0, 1
12.6530, 545, 0, 0, 1
12.6760, 544, 0, 0, 1
12.7010, 543, 0, 0, 1
12.7240, 543, 0, 0, 1
12.7480, 542, 0, 0, 1
12.7720, 539, 0, 0, 1
12.7960, 535, 0, 0, 1
12.8190, 530, 0, 0, 1
12.8440, 524, 0, 0, 1
12.8680, 518, 0, 0, 1
12.8920, 514, 0, 0, 1
12.9160, 511, 0, 0, 1
12.9390, 506, 0, 0, 1
12.9640, 500, 0, 0, 1
12.9870, 496, 0, 0, 1
13.0110, 491, 0, 0, 1
13.0360, 490, 0, 0, 1
13.0590, 491, 0, 0, 1
13.0830, 493, 0, 0, 1
13.1070, 496, 0, 0, 1
13.1310, 500, 595, 0, 0
13.1570, 500, 596, 0, 0
13.1830, 501, 596, 0, 0
13.2090, 502, 597, 0, 0
13.2350, 502, 598, 0, 0
13.2610, 502, 599, 0, 0
13.2860, 502, 600, 0, 0
13.3130, 502, 601, 0, 0
13.3390, 503, 601, 0, 0
13.3650, 505, 602, 0, 0
13.3910, 508, 601, 0, 0
13.4160, 511, 602, 0, 0
13.4430, 513, 602, 0, 0
13.4690, 514, 602, 0, 0
13.4950, 515, 602, 0, 0
13.5210, 517, 603, 0, 0
13.5460, 517, 602, 0, 0
13.5730, 517, 602, 0, 0
13.5990, 515, 0, 0, 1
13.6230, 515, 0, 0, 1
13.6470, 514, 0, 0, 1
13.6700, 512, 0, 0, 1
13.6950, 511, 0, 0, 1
13.7190, 511, 0, 0, 1
13.7420, 511, 0, 0, 1
13.7670, 512, 0, 0, 1
13.7900, 513, 0, 0, 1
13.8140, 514, 0, 0, 1
13.8380, 515, 0, 0, 1
13.8620, 516, 0, 0, 1
13.8850, 518, 0, 0, 1
13.9100, 519, 0, 0, 1
13.9340, 521, 0, 0, 1
13.9580, 523, 0, 0, 1
13.9820, 525, 0, 0, 1
14.0050, 527, 0, 0, 1
14.0300, 529, 0, 0, 1
14.0530, 530, 0, 0, 1
14.0770, 532, 0, 0, 1
14.1020, 533, 0, 0, 1
14.1250, 534, 0, 0, 1
14.1490, 536, 0, 0, 1
14.1730, 537, 0, 0, 1
14.1970, 538, 0, 0, 1
14.2200, 539, 0, 0, 1
14.2450, 539, 0, 0, 1
14.2680, 540, 0, 0, 1
14.2930, 540, 0, 0, 1
14.3170, 540, 0, 0, 1
14.3400, 541, 0, 0, 1
14.3650, 541, 0, 0, 1
14.3880, 541, 0, 0, 1
14.4120, 541, 0, 0, 1
14.4360, 541, 0, 0, 1
14.4600, 541, 0, 0, 1
14.4830, 542, 0, 0, 1
14.5080, 541, 0, 0, 1
14.5320, 541, 0, 0, 1
14.5560, 541, 0, 0, 1
14.5800, 540, 0, 0, 1
14.6030, 539, 0, 0, 1
14.6280, 537, 0, 0, 1
14.6510, 534, 0, 0, 1
14.6750, 530, 0, 0, 1
14.7000, 526, 0, 0, 1
14.7230, 525, 0, 0, 1
14.7470, 525, 0, 0, 1
14.7710, 524, 0, 0, 1
14.7950, 524, 0, 0, 1
14.8180, 524, 586, 0, 0
14.8450, 524, 588, 0, 0
14.8710, 524, 590, 0, 0
14.8970, 524, 592, 0, 0
14.9230, 524, 594, 0, 0
14.9480, 523, 596, 0, 0
14.9750, 523, 596, 0, 0
15.0010, 523, 597, 0, 0
15.0270, 525, 597, 0, 0
15.0530, 526, 596, 0, 0
15.0780, 526, 596, 0, 0
15.1050, 526, 596, 0, 0
15.1310, 526, 597, 0, 0
15.1570, 524, 597, 0, 0
15.1830, 523, 598, 0, 0
15.2080, 522, 598, 0, 0
15.2350, 522, 598, 0, 0
15.2610, 521, 599, 0, 0
15.2870, 522, 599, 0, 0
15.3130, 522, 598, 0, 0
15.3380, 523, 598, 0, 0
15.3650, 523, 598, 0, 0
15.3910, 523, 598, 0, 0
15.4160, 523, 597, 0, 0
15.4430, 524, 597, 0, 0
15.4690, 523, 596, 0, 0
15.4950, 523, 596, 0, 0
15.5210, 522, 596, 0, 0
15.5460, 522, 595, 0, 0
15.5730, 522, 595, 0, 0
15.5990, 523, 595, 0, 0
15.6250, 523, 594, 0, 0
15.6510, 523, 593, 0, 0
15.6760, 524, 593, 0, 0
15.7030, 525, 591, 0, 0
15.7290, 526, 589, 0, 0
15.7550, 528, 587, 0, 0
15.7810, 530, 0, 0, 1
15.8040, 531, 0, 0, 1
15.8290, 533, 0, 0, 1
15.8530, 534, 0, 0, 1
15.8760, 535, 0, 0, 1
15.9010, 537, 0, 0, 1
15.9240, 538, 0, 0, 1
15.9480, 538, 0, 0, 1
15.9720, 539, 0, 0, 1
15.9960, 540, 0, 0, 1
16.0200, 540, 0, 0, 1
16.0440, 541, 0, 0, 1
16.0680, 541, 0, 0, 1
16.0920, 542, 0, 0, 1
16.1160, 542, 0, 0, 1
16.1390, 542, 0, 0, 1
16.1640, 543, 0, 0, 1
16.1870, 543, 0, 0, 1
16.2110, 543, 0, 0, 1
16.2360, 543, 0, 0, 1
16.2590, 544, 0, 0, 1
16.2830, 544, 0, 0, 1
16.3070, 544, 0, 0, 1
16.3310, 544, 0, 0, 1
16.3550, 543, 0, 0, 1
16.3790, 543, 0, 0, 1
16.4020, 543, 0, 0, 1
16.4270, 542, 0, 0, 1
16.4510, 540, 0, 0, 1
16.4740, 539, 0, 0, 1
16.4990, 538, 0, 0, 1
16.5220, 536, 0, 0, 1
16.5460, 534, 0, 0, 1
16.5700, 532, 0, 0, 1
16.5940, 531, 0, 0, 1
16.6180, 529, 0, 0, 1
16.6420, 527, 0, 0, 1
16.6660, 526, 0, 0, 1
16.6900, 523, 0, 0, 1
16.7140, 518, 0, 0, 1
16.7370, 514, 0, 0, 1
16.7620, 509, 0, 0, 1
16.7850, 504, 0, 0, 1
16.8090, 501, 0, 0, 1
16.8340, 499, 0, 0, 1
16.8570, 499, 0, 0, 1
16.8810, 500, 0, 0, 1
16.9050, 501, 0, 0, 1
16.9290, 502, 596, 0, 0
16.9550, 503, 601, 0, 0
16.9810, 502, 603, 0, 0
17.0070, 500, 604, 0, 0
17.0330, 497, 605, 0, 0
17.0590, 493, 606, 0, 0
17.0850, 488, 607, 0, 0
17.1110, 480, 609, 0, 0
17.1370, 475, 610, 0, 0
17.1630, 473, 610, 0, 0
17.1890, 472, 611, 0, 0
17.2140, 474, 611, 0, 0
17.2410, 478, 611, 0, 0
17.2670, 482, 611, 0, 0
17.2930, 485, 610, 0, 0
17.3190, 489, 610, 0, 0
17.3450, 493, 610, 0, 0
17.3710, 496, 609, 0, 0
17.3970, 500, 608, 0, 0
17.4230, 503, 607, 0, 0
17.4490, 504, 606, 0, 0
17.4750, 505, 605, 0, 0
17.5010, 506, 605, 0, 0
17.5270, 506, 605, 0, 0
17.5530, 507, 604, 0, 0
17.5790, 508, 602, 0, 0
17.6050, 509, 601, 0, 0
17.6310, 510, 601, 0, 0
17.6570, 512, 0, 0, 1
17.6800, 514, 0, 0, 1
17.7050, 516, 0, 0, 1
17.7290, 519, 0, 0, 1
17.7530, 521, 0, 0, 1
17.7770, 523, 0, 0, 1
17.8000, 525, 0, 0, 1
17.8250, 527, 0, 0, 1
17.8480, 529, 0, 0, 1
17.8720, 531, 0, 0, 1
17.8960, 533, 0, 0, 1
17.9200, 536, 0, 0, 1
17.9440, 538, 0, 0, 1
17.9680, 539, 0, 0, 1
17.9920, 542, 0, 0, 1
18.0160, 543, 0, 0, 1
18.0400, 544, 0, 0, 1
18.0630, 544, 0, 0, 1
18.0880, 545, 0, 0, 1
18.1110, 545, 0, 0, 1
18.1350, 545, 0, 0, 1
18.1600, 546, 0, 0, 1
18.1830, 546, 0, 0, 1
18.2070, 546, 0, 0, 1
18.2310, 545, 0, 0, 1
18.2550, 545, 0, 0, 1
18.2780, 544, 0, 0, 1
18.3030, 543, 0, 0, 1
18.3270, 542, 0, 0, 1
18.3510, 539, 0, 0, 1
18.3750, 534, 0, 0, 1
18.3980, 527, 0, 0, 1
18.4230, 519, 0, 0, 1
18.4460, 510, 0, 0, 1
18.4700, 500, 0, 0, 1
18.4940, 487, 0, 0, 1
18.5180, 473, 0, 0, 1
18.5420, 461, 0, 1, 1
18.5660, 446, 0, 1, 1
18.5900, 433, 0, 1, 1
18.6130, 423, 0, 1, 1
18.6380, 417, 0, 1, 1
18.6610, 414, 0, 1, 1
18.6860, 413, 0, 1, 1
18.7100, 414, 0, 1, 1
18.7330, 419, 0, 1, 1
18.7580, 430, 0, 1, 1
18.7810, 444, 0, 1, 1
18.8050, 458, 0, 1, 1
18.8290, 474, 0, 0, 1
18.8530, 486, 0, 0, 1
18.8760, 495, 0, 0, 1
18.9010, 503, 0, 0, 1
18.9250, 510, 0, 0, 1
18.9490, 514, 0, 0, 1
18.9730, 515, 0, 0, 1
18.9960, 517, 0, 0, 1
19.0210, 517, 0, 0, 1
19.0440, 518, 0, 0, 1
19.0680, 518, 627, 0, 0
19.0950, 514, 630, 0, 0
19.1200, 507, 632, 0, 0
19.1460, 500, 636, 0, 0
19.1720, 496, 637, 0, 0
19.1980, 490, 636, 0, 0
19.2250, 482, 637, 0, 0
19.2500, 470, 638, 0, 0
19.2760, 467, 638, 1, 0
19.3020, 465, 639, 1, 0
19.3280, 462, 638, 1, 0
19.3550, 457, 638, 1, 0
Trial 7 ended
