=~=~=~=~=~=~=~=~=~=~=~= PuTTY log 2024.11.15 13:27:25 =~=~=~=~=~=~=~=~=~=~=~=
Down threshold:   f_down_thr = 585
Up threshold:   f_up_thr = 450
Trial 1 started
time, up, down, lbl_up, lbl_down
0.0000, 459, 624, 0, 0
0.0100, 458, 624, 0, 0
0.0350, 459, 625, 0, 0
0.0590, 458, 625, 0, 0
0.0850, 457, 625, 0, 0
0.1100, 456, 625, 0, 0
0.1350, 457, 625, 0, 0
0.1600, 457, 625, 0, 0
0.1840, 457, 625, 0, 0
0.2100, 457, 625, 0, 0
0.2350, 456, 625, 0, 0
0.2590, 457, 625, 0, 0
0.2850, 457, 625, 0, 0
0.3090, 458, 625, 0, 0
0.3350, 457, 625, 0, 0
0.3590, 458, 625, 0, 0
0.3840, 458, 625, 0, 0
0.4100, 458, 625, 0, 0
0.4340, 458, 625, 0, 0
0.4590, 458, 625, 0, 0
0.4840, 459, 625, 0, 0
0.5090, 459, 625, 0, 0
0.5350, 459, 625, 0, 0
0.5590, 461, 625, 0, 0
0.5840, 461, 624, 0, 0
0.6090, 463, 625, 0, 0
0.6340, 465, 624, 0, 0
0.6580, 467, 624, 0, 0
0.6840, 469, 623, 0, 0
0.7090, 471, 624, 0, 0
0.7340, 472, 623, 0, 0
0.7590, 474, 623, 0, 0
0.7830, 476, 622, 0, 0
0.8090, 477, 622, 0, 0
0.8340, 479, 622, 0, 0
0.8580, 481, 620, 0, 0
0.8840, 483, 620, 0, 0
0.9080, 484, 619, 0, 0
0.9340, 485, 619, 0, 0
0.9580, 485, 619, 0, 0
0.9830, 486, 618, 0, 0
1.0090, 485, 618, 0, 0
1.0330, 486, 618, 0, 0
1.0580, 487, 618, 0, 0
1.0830, 486, 617, 0, 0
1.1080, 488, 617, 0, 0
1.1340, 487, 616, 0, 0
1.1580, 488, 616, 0, 0
1.1830, 488, 617, 0, 0
1.2080, 488, 616, 0, 0
1.2330, 488, 616, 0, 0
1.2570, 487, 616, 0, 0
1.2830, 487, 616, 0, 0
1.3080, 486, 616, 0, 0
1.3330, 485, 617, 0, 0
1.3580, 486, 617, 0, 0
1.3820, 487, 617, 0, 0
1.4080, 487, 616, 0, 0
1.4330, 487, 616, 0, 0
1.4570, 489, 615, 0, 0
1.4830, 489, 615, 0, 0
1.5070, 489, 615, 0, 0
1.5330, 490, 614, 0, 0
1.5580, 489, 615, 0, 0
1.5820, 488, 615, 0, 0
1.6080, 486, 615, 0, 0
1.6320, 483, 616, 0, 0
1.6570, 483, 616, 0, 0
1.6820, 484, 616, 0, 0
1.7070, 484, 616, 0, 0
1.7330, 485, 616, 0, 0
1.7570, 486, 616, 0, 0
1.7820, 485, 615, 0, 0
1.8070, 486, 616, 0, 0
1.8320, 486, 615, 0, 0
1.8570, 486, 617, 0, 0
1.8820, 487, 615, 0, 0
1.9070, 488, 615, 0, 0
1.9320, 488, 615, 0, 0
1.9570, 488, 615, 0, 0
1.9810, 489, 615, 0, 0
2.0070, 489, 614, 0, 0
2.0320, 489, 614, 0, 0
2.0560, 490, 614, 0, 0
2.0820, 490, 613, 0, 0
2.1060, 491, 613, 0, 0
2.1320, 491, 613, 0, 0
2.1570, 491, 612, 0, 0
2.1810, 492, 612, 0, 0
2.2070, 492, 612, 0, 0
2.2310, 492, 612, 0, 0
2.2560, 493, 612, 0, 0
2.2810, 493, 611, 0, 0
2.3060, 494, 611, 0, 0
2.3320, 496, 609, 0, 0
2.3560, 496, 609, 0, 0
2.3810, 497, 609, 0, 0
2.4060, 497, 609, 0, 0
2.4310, 496, 609, 0, 0
2.4560, 497, 609, 0, 0
2.4810, 497, 609, 0, 0
2.5060, 496, 610, 0, 0
2.5310, 497, 610, 0, 0
2.5560, 497, 610, 0, 0
2.5810, 497, 610, 0, 0
2.6060, 496, 609, 0, 0
2.6310, 496, 609, 0, 0
2.6550, 496, 609, 0, 0
2.6810, 496, 610, 0, 0
2.7050, 496, 610, 0, 0
2.7310, 497, 608, 0, 0
2.7560, 496, 608, 0, 0
2.7800, 496, 608, 0, 0
2.8060, 496, 609, 0, 0
2.8300, 496, 609, 0, 0
2.8550, 495, 609, 0, 0
2.8810, 495, 609, 0, 0
2.9050, 495, 609, 0, 0
2.9310, 495, 609, 0, 0
2.9550, 494, 609, 0, 0
2.9800, 495, 610, 0, 0
3.0050, 495, 610, 0, 0
3.0300, 495, 610, 0, 0
3.0550, 495, 611, 0, 0
3.0800, 495, 611, 0, 0
3.1050, 495, 612, 0, 0
3.1300, 494, 611, 0, 0
3.1550, 495, 612, 0, 0
3.1800, 493, 612, 0, 0
3.2050, 494, 613, 0, 0
3.2300, 493, 613, 0, 0
3.2540, 492, 614, 0, 0
3.2800, 492, 614, 0, 0
3.3040, 492, 614, 0, 0
3.3300, 492, 614, 0, 0
3.3550, 492, 614, 0, 0
3.3790, 494, 614, 0, 0
3.4050, 494, 614, 0, 0
3.4290, 494, 613, 0, 0
3.4540, 493, 614, 0, 0
3.4800, 493, 614, 0, 0
3.5040, 493, 614, 0, 0
3.5300, 493, 614, 0, 0
3.5540, 492, 614, 0, 0
3.5790, 490, 614, 0, 0
3.6050, 490, 615, 0, 0
3.6290, 487, 615, 0, 0
3.6540, 488, 615, 0, 0
3.6790, 489, 615, 0, 0
3.7040, 489, 615, 0, 0
3.7290, 489, 615, 0, 0
3.7540, 491, 614, 0, 0
3.7790, 491, 615, 0, 0
3.8040, 492, 613, 0, 0
3.8290, 493, 613, 0, 0
3.8530, 493, 614, 0, 0
3.8790, 493, 614, 0, 0
3.9040, 493, 613, 0, 0
3.9290, 494, 614, 0, 0
3.9540, 494, 614, 0, 0
3.9780, 494, 613, 0, 0
4.0040, 495, 613, 0, 0
4.0280, 495, 613, 0, 0
4.0530, 495, 613, 0, 0
4.0790, 495, 612, 0, 0
4.1030, 496, 612, 0, 0
4.1290, 497, 612, 0, 0
4.1530, 497, 612, 0, 0
4.1780, 497, 613, 0, 0
4.2040, 497, 612, 0, 0
4.2280, 497, 612, 0, 0
4.2530, 497, 612, 0, 0
4.2780, 497, 613, 0, 0
4.3030, 496, 613, 0, 0
4.3280, 495, 614, 0, 0
4.3530, 496, 614, 0, 0
4.3780, 496, 613, 0, 0
4.4030, 496, 613, 0, 0
4.4280, 496, 613, 0, 0
4.4520, 496, 613, 0, 0
4.4780, 496, 613, 0, 0
4.5030, 496, 612, 0, 0
4.5280, 496, 612, 0, 0
4.5530, 496, 612, 0, 0
4.5770, 496, 612, 0, 0
4.6030, 496, 612, 0, 0
4.6270, 495, 612, 0, 0
4.6520, 495, 612, 0, 0
4.6780, 495, 612, 0, 0
4.7020, 496, 611, 0, 0
4.7280, 496, 611, 0, 0
4.7520, 496, 611, 0, 0
4.7770, 496, 611, 0, 0
4.8030, 496, 610, 0, 0
4.8270, 497, 609, 0, 0
4.8520, 496, 609, 0, 0
4.8770, 496, 609, 0, 0
4.9020, 497, 609, 0, 0
4.9280, 496, 610, 0, 0
4.9520, 494, 610, 0, 0
4.9770, 494, 610, 0, 0
5.0020, 494, 610, 0, 0
5.0270, 493, 611, 0, 0
5.0510, 494, 611, 0, 0
5.0770, 494, 612, 0, 0
5.1020, 494, 611, 0, 0
5.1270, 494, 612, 0, 0
5.1520, 494, 611, 0, 0
5.1760, 495, 612, 0, 0
5.2020, 496, 612, 0, 0
5.2270, 496, 611, 0, 0
5.2510, 496, 611, 0, 0
5.2770, 495, 612, 0, 0
5.3010, 495, 612, 0, 0
5.3270, 493, 612, 0, 0
5.3510, 491, 613, 0, 0
5.3760, 489, 613, 0, 0
5.4020, 487, 614, 0, 0
5.4260, 485, 614, 0, 0
5.4510, 485, 615, 0, 0
5.4760, 484, 616, 0, 0
5.5010, 483, 616, 0, 0
5.5270, 484, 615, 0, 0
5.5510, 484, 616, 0, 0
5.5760, 485, 616, 0, 0
5.6010, 485, 615, 0, 0
5.6260, 486, 616, 0, 0
5.6500, 486, 616, 0, 0
5.6760, 486, 614, 0, 0
5.7010, 487, 615, 0, 0
5.7260, 487, 615, 0, 0
5.7510, 488, 614, 0, 0
5.7750, 489, 615, 0, 0
5.8010, 489, 615, 0, 0
5.8260, 490, 614, 0, 0
5.8500, 491, 614, 0, 0
5.8760, 491, 615, 0, 0
5.9000, 491, 614, 0, 0
5.9260, 492, 614, 0, 0
5.9500, 492, 615, 0, 0
5.9750, 493, 615, 0, 0
6.0010, 493, 615, 0, 0
6.0250, 493, 614, 0, 0
6.0500, 493, 615, 0, 0
6.0750, 493, 615, 0, 0
6.1000, 493, 615, 0, 0
6.1260, 493, 615, 0, 0
6.1500, 493, 616, 0, 0
6.1750, 492, 615, 0, 0
6.2000, 492, 616, 0, 0
6.2250, 492, 615, 0, 0
6.2490, 492, 615, 0, 0
6.2750, 492, 615, 0, 0
6.3000, 493, 615, 0, 0
6.3250, 493, 614, 0, 0
6.3500, 493, 614, 0, 0
6.3740, 494, 613, 0, 0
6.4000, 493, 613, 0, 0
6.4250, 494, 612, 0, 0
6.4490, 494, 612, 0, 0
6.4750, 495, 612, 0, 0
6.4990, 495, 612, 0, 0
6.5250, 494, 612, 0, 0
6.5500, 494, 611, 0, 0
6.5740, 495, 611, 0, 0
6.6000, 495, 610, 0, 0
6.6240, 495, 610, 0, 0
6.6490, 496, 608, 0, 0
6.6740, 496, 606, 0, 0
6.6990, 497, 603, 0, 0
6.7250, 499, 600, 0, 0
6.7490, 500, 598, 0, 0
6.7740, 501, 598, 0, 0
6.7990, 502, 597, 0, 0
6.8240, 503, 597, 0, 0
6.8490, 504, 598, 0, 0
6.8740, 505, 598, 0, 0
6.8990, 506, 598, 0, 0
6.9240, 507, 599, 0, 0
6.9490, 509, 599, 0, 0
6.9730, 510, 598, 0, 0
6.9990, 510, 599, 0, 0
7.0240, 511, 598, 0, 0
7.0480, 511, 598, 0, 0
7.0740, 510, 600, 0, 0
7.0980, 509, 600, 0, 0
7.1240, 506, 602, 0, 0
7.1490, 504, 603, 0, 0
7.1730, 501, 604, 0, 0
7.1990, 497, 606, 0, 0
7.2230, 496, 607, 0, 0
7.2480, 494, 608, 0, 0
7.2730, 491, 608, 0, 0
7.2980, 491, 608, 0, 0
7.3240, 489, 609, 0, 0
7.3480, 488, 611, 0, 0
7.3730, 488, 611, 0, 0
7.3980, 488, 611, 0, 0
7.4230, 487, 610, 0, 0
7.4480, 488, 611, 0, 0
7.4730, 489, 611, 0, 0
7.4980, 489, 611, 0, 0
7.5230, 491, 611, 0, 0
7.5480, 490, 610, 0, 0
7.5730, 490, 611, 0, 0
7.5980, 491, 611, 0, 0
7.6230, 492, 611, 0, 0
7.6470, 493, 610, 0, 0
7.6730, 493, 611, 0, 0
7.6970, 494, 610, 0, 0
7.7230, 494, 610, 0, 0
7.7480, 495, 609, 0, 0
7.7720, 496, 609, 0, 0
7.7980, 497, 609, 0, 0
7.8220, 497, 609, 0, 0
7.8470, 497, 609, 0, 0
7.8730, 497, 609, 0, 0
7.8970, 497, 610, 0, 0
7.9230, 497, 610, 0, 0
7.9470, 496, 610, 0, 0
7.9720, 495, 610, 0, 0
7.9970, 495, 611, 0, 0
8.0220, 494, 611, 0, 0
8.0470, 494, 611, 0, 0
8.0720, 495, 610, 0, 0
8.0970, 496, 610, 0, 0
8.1220, 496, 610, 0, 0
8.1470, 496, 610, 0, 0
8.1720, 496, 610, 0, 0
8.1970, 496, 610, 0, 0
8.2220, 495, 611, 0, 0
8.2460, 495, 610, 0, 0
8.2720, 494, 610, 0, 0
8.2960, 494, 610, 0, 0
8.3220, 495, 610, 0, 0
8.3470, 494, 610, 0, 0
8.3710, 494, 610, 0, 0
8.3970, 494, 610, 0, 0
8.4210, 495, 610, 0, 0
8.4460, 495, 610, 0, 0
8.4720, 496, 609, 0, 0
8.4960, 496, 608, 0, 0
8.5220, 497, 608, 0, 0
8.5460, 497, 609, 0, 0
8.5710, 497, 608, 0, 0
8.5970, 498, 608, 0, 0
8.6210, 497, 608, 0, 0
8.6460, 498, 608, 0, 0
8.6710, 498, 608, 0, 0
8.6960, 498, 608, 0, 0
8.7210, 499, 608, 0, 0
8.7460, 499, 608, 0, 0
8.7710, 500, 608, 0, 0
8.7960, 500, 607, 0, 0
8.8210, 500, 609, 0, 0
8.8450, 499, 609, 0, 0
8.8710, 498, 610, 0, 0
8.8960, 497, 610, 0, 0
8.9210, 496, 610, 0, 0
8.9460, 495, 610, 0, 0
8.9700, 495, 611, 0, 0
8.9960, 495, 611, 0, 0
9.0200, 494, 611, 0, 0
9.0450, 495, 610, 0, 0
9.0710, 495, 610, 0, 0
9.0950, 495, 611, 0, 0
9.1210, 496, 609, 0, 0
9.1450, 496, 610, 0, 0
9.1700, 497, 609, 0, 0
9.1960, 498, 608, 0, 0
9.2200, 497, 608, 0, 0
9.2450, 497, 608, 0, 0
9.2700, 498, 609, 0, 0
9.2950, 496, 609, 0, 0
9.3200, 495, 609, 0, 0
9.3450, 496, 609, 0, 0
9.3700, 497, 609, 0, 0
9.3950, 498, 608, 0, 0
9.4200, 499, 608, 0, 0
9.4440, 499, 608, 0, 0
9.4700, 499, 609, 0, 0
9.4950, 499, 609, 0, 0
9.5200, 499, 608, 0, 0
9.5450, 500, 608, 0, 0
9.5690, 500, 608, 0, 0
9.5950, 500, 608, 0, 0
9.6190, 499, 607, 0, 0
9.6440, 499, 608, 0, 0
9.6700, 499, 608, 0, 0
9.6940, 499, 608, 0, 0
9.7200, 499, 607, 0, 0
9.7440, 499, 607, 0, 0
9.7690, 500, 607, 0, 0
9.7950, 499, 606, 0, 0
9.8190, 499, 606, 0, 0
9.8440, 500, 606, 0, 0
9.8690, 500, 606, 0, 0
9.8940, 499, 606, 0, 0
9.9200, 499, 606, 0, 0
9.9440, 499, 606, 0, 0
9.9690, 499, 605, 0, 0
9.9940, 499, 605, 0, 0
10.0190, 499, 603, 0, 0
10.0440, 499, 601, 0, 0
10.0710, 500, 600, 0, 0
10.0970, 500, 598, 0, 0
10.1230, 501, 598, 0, 0
10.1490, 501, 597, 0, 0
10.1740, 501, 597, 0, 0
10.2010, 502, 596, 0, 0
10.2270, 502, 596, 0, 0
10.2530, 502, 595, 0, 0
10.2790, 504, 595, 0, 0
10.3050, 504, 595, 0, 0
10.3310, 505, 595, 0, 0
10.3570, 505, 594, 0, 0
10.3830, 506, 594, 0, 0
10.4090, 507, 595, 0, 0
10.4350, 508, 595, 0, 0
10.4610, 508, 596, 0, 0
10.4870, 508, 596, 0, 0
10.5120, 507, 598, 0, 0
10.5390, 504, 599, 0, 0
10.5650, 500, 601, 0, 0
10.5910, 497, 603, 0, 0
10.6170, 493, 604, 0, 0
10.6420, 489, 605, 0, 0
10.6690, 488, 607, 0, 0
10.6950, 486, 607, 0, 0
10.7210, 486, 608, 0, 0
10.7470, 487, 608, 0, 0
10.7730, 487, 607, 0, 0
10.7990, 487, 608, 0, 0
10.8250, 488, 607, 0, 0
10.8510, 487, 608, 0, 0
10.8770, 486, 609, 0, 0
10.9030, 487, 608, 0, 0
10.9290, 486, 609, 0, 0
10.9550, 487, 609, 0, 0
10.9800, 488, 609, 0, 0
11.0070, 488, 608, 0, 0
11.0330, 489, 608, 0, 0
11.0590, 490, 608, 0, 0
11.0850, 490, 608, 0, 0
11.1100, 491, 608, 0, 0
11.1370, 491, 608, 0, 0
11.1630, 491, 609, 0, 0
11.1890, 491, 608, 0, 0
11.2150, 493, 608, 0, 0
11.2400, 493, 607, 0, 0
11.2670, 493, 608, 0, 0
11.2930, 493, 609, 0, 0
11.3190, 492, 609, 0, 0
11.3450, 490, 610, 0, 0
11.3710, 489, 611, 0, 0
11.3970, 488, 611, 0, 0
11.4230, 488, 611, 0, 0
11.4490, 488, 611, 0, 0
11.4750, 489, 611, 0, 0
11.5010, 489, 611, 0, 0
11.5270, 490, 609, 0, 0
11.5530, 491, 609, 0, 0
11.5780, 491, 609, 0, 0
11.6050, 492, 608, 0, 0
11.6310, 492, 608, 0, 0
11.6570, 492, 608, 0, 0
11.6830, 493, 607, 0, 0
11.7080, 493, 607, 0, 0
11.7350, 493, 606, 0, 0
11.7610, 494, 604, 0, 0
11.7870, 495, 603, 0, 0
11.8130, 495, 601, 0, 0
11.8380, 496, 600, 0, 0
11.8650, 497, 599, 0, 0
11.8910, 497, 598, 0, 0
11.9170, 498, 599, 0, 0
11.9430, 498, 598, 0, 0
11.9690, 498, 598, 0, 0
11.9950, 498, 598, 0, 0
12.0210, 497, 599, 0, 0
12.0470, 495, 599, 0, 0
12.0730, 496, 600, 0, 0
12.0990, 495, 600, 0, 0
12.1250, 495, 600, 0, 0
12.1510, 495, 600, 0, 0
12.1760, 496, 600, 0, 0
12.2030, 496, 600, 0, 0
12.2290, 497, 600, 0, 0
12.2550, 498, 600, 0, 0
12.2810, 499, 600, 0, 0
12.3060, 499, 600, 0, 0
12.3330, 499, 600, 0, 0
12.3590, 498, 601, 0, 0
12.3850, 497, 603, 0, 0
12.4110, 493, 604, 0, 0
12.4370, 492, 605, 0, 0
12.4630, 487, 606, 0, 0
12.4890, 484, 607, 0, 0
12.5150, 484, 608, 0, 0
12.5410, 483, 608, 0, 0
12.5670, 484, 609, 0, 0
12.5930, 489, 607, 0, 0
12.6190, 490, 607, 0, 0
12.6440, 491, 607, 0, 0
12.6710, 492, 606, 0, 0
12.6970, 490, 607, 0, 0
12.7230, 490, 607, 0, 0
12.7490, 490, 607, 0, 0
12.7740, 488, 608, 0, 0
12.8010, 488, 607, 0, 0
12.8270, 488, 608, 0, 0
12.8530, 487, 608, 0, 0
12.8790, 489, 608, 0, 0
12.9040, 490, 608, 0, 0
12.9310, 489, 608, 0, 0
12.9570, 490, 608, 0, 0
12.9830, 491, 608, 0, 0
13.0090, 489, 608, 0, 0
13.0350, 487, 609, 0, 0
13.0610, 485, 610, 0, 0
13.0870, 485, 609, 0, 0
13.1130, 486, 610, 0, 0
13.1390, 485, 610, 0, 0
13.1650, 486, 610, 0, 0
13.1910, 488, 610, 0, 0
13.2170, 489, 609, 0, 0
13.2420, 489, 610, 0, 0
13.2690, 489, 610, 0, 0
13.2950, 490, 608, 0, 0
13.3210, 492, 607, 0, 0
13.3470, 493, 606, 0, 0
13.3720, 494, 607, 0, 0
13.3990, 493, 606, 0, 0
13.4250, 494, 606, 0, 0
13.4510, 494, 605, 0, 0
13.4770, 494, 604, 0, 0
13.5020, 494, 606, 0, 0
13.5290, 494, 606, 0, 0
13.5550, 494, 606, 0, 0
13.5810, 493, 607, 0, 0
13.6070, 493, 607, 0, 0
13.6330, 494, 606, 0, 0
13.6590, 493, 607, 0, 0
13.6850, 493, 606, 0, 0
13.7110, 493, 606, 0, 0
13.7370, 494, 605, 0, 0
13.7630, 494, 603, 0, 0
13.7890, 496, 602, 0, 0
13.8150, 496, 603, 0, 0
13.8400, 496, 602, 0, 0
13.8670, 497, 602, 0, 0
13.8930, 497, 602, 0, 0
13.9190, 498, 602, 0, 0
13.9450, 500, 602, 0, 0
13.9700, 499, 603, 0, 0
13.9970, 500, 602, 0, 0
14.0230, 500, 603, 0, 0
14.0490, 499, 604, 0, 0
14.0750, 498, 605, 0, 0
14.1010, 496, 606, 0, 0
14.1270, 493, 607, 0, 0
14.1530, 490, 608, 0, 0
14.1790, 488, 608, 0, 0
14.2050, 487, 609, 0, 0
14.2310, 487, 609, 0, 0
14.2570, 487, 609, 0, 0
14.2830, 488, 609, 0, 0
14.3080, 488, 609, 0, 0
14.3350, 488, 609, 0, 0
14.3610, 488, 609, 0, 0
14.3870, 488, 609, 0, 0
14.4130, 487, 609, 0, 0
14.4380, 487, 610, 0, 0
14.4650, 488, 610, 0, 0
14.4910, 488, 610, 0, 0
14.5170, 488, 610, 0, 0
14.5430, 487, 610, 0, 0
14.5680, 486, 610, 0, 0
14.5950, 486, 611, 0, 0
14.6210, 486, 611, 0, 0
14.6470, 488, 611, 0, 0
14.6730, 489, 611, 0, 0
14.6990, 489, 610, 0, 0
14.7250, 489, 610, 0, 0
14.7510, 491, 610, 0, 0
14.7770, 492, 609, 0, 0
14.8030, 492, 609, 0, 0
14.8290, 490, 610, 0, 0
14.8550, 489, 610, 0, 0
14.8810, 489, 611, 0, 0
14.9060, 488, 611, 0, 0
14.9330, 489, 611, 0, 0
14.9590, 490, 611, 0, 0
14.9850, 490, 611, 0, 0
15.0110, 491, 611, 0, 0
15.0360, 491, 610, 0, 0
15.0630, 492, 609, 0, 0
15.0890, 493, 608, 0, 0
15.1150, 493, 607, 0, 0
15.1410, 493, 607, 0, 0
15.1660, 493, 607, 0, 0
15.1930, 493, 606, 0, 0
15.2190, 493, 606, 0, 0
15.2450, 494, 605, 0, 0
15.2710, 495, 603, 0, 0
15.2970, 495, 602, 0, 0
15.3230, 496, 601, 0, 0
15.3490, 496, 601, 0, 0
15.3750, 496, 600, 0, 0
15.4010, 498, 599, 0, 0
15.4270, 499, 597, 0, 0
15.4530, 500, 596, 0, 0
15.4790, 500, 596, 0, 0
15.5040, 501, 595, 0, 0
15.5310, 502, 594, 0, 0
15.5570, 502, 594, 0, 0
15.5830, 503, 593, 0, 0
15.6090, 504, 593, 0, 0
15.6340, 504, 593, 0, 0
15.6610, 505, 594, 0, 0
15.6870, 505, 595, 0, 0
15.7130, 506, 595, 0, 0
15.7390, 506, 596, 0, 0
15.7650, 505, 597, 0, 0
15.7910, 504, 597, 0, 0
15.8170, 502, 599, 0, 0
15.8430, 498, 601, 0, 0
15.8690, 497, 602, 0, 0
15.8950, 494, 603, 0, 0
15.9210, 490, 604, 0, 0
15.9470, 489, 606, 0, 0
15.9720, 486, 607, 0, 0
15.9990, 486, 608, 0, 0
16.0250, 486, 608, 0, 0
16.0510, 486, 608, 0, 0
16.0770, 487, 608, 0, 0
16.1020, 486, 609, 0, 0
16.1290, 484, 609, 0, 0
16.1550, 485, 609, 0, 0
16.1810, 485, 609, 0, 0
16.2070, 483, 609, 0, 0
16.2320, 483, 610, 0, 0
16.2590, 484, 610, 0, 0
16.2850, 485, 610, 0, 0
16.3110, 486, 610, 0, 0
16.3370, 488, 610, 0, 0
16.3630, 488, 609, 0, 0
16.3890, 488, 610, 0, 0
16.4150, 489, 610, 0, 0
16.4410, 488, 610, 0, 0
16.4670, 487, 610, 0, 0
16.4930, 487, 611, 0, 0
16.5190, 487, 610, 0, 0
16.5450, 487, 610, 0, 0
16.5700, 487, 611, 0, 0
16.5970, 487, 611, 0, 0
16.6230, 489, 610, 0, 0
16.6490, 490, 610, 0, 0
16.6750, 489, 610, 0, 0
16.7000, 490, 610, 0, 0
16.7270, 490, 610, 0, 0
16.7530, 491, 609, 0, 0
16.7790, 491, 609, 0, 0
16.8050, 492, 609, 0, 0
16.8300, 492, 608, 0, 0
16.8570, 492, 608, 0, 0
16.8830, 493, 607, 0, 0
16.9090, 493, 607, 0, 0
16.9350, 493, 606, 0, 0
16.9610, 493, 605, 0, 0
16.9870, 493, 604, 0, 0
17.0130, 494, 602, 0, 0
17.0390, 494, 601, 0, 0
17.0650, 494, 599, 0, 0
17.0910, 495, 598, 0, 0
17.1170, 495, 597, 0, 0
17.1430, 496, 596, 0, 0
17.1680, 497, 595, 0, 0
17.1950, 498, 594, 0, 0
17.2210, 499, 593, 0, 0
17.2470, 500, 593, 0, 0
17.2730, 501, 592, 0, 0
17.2980, 503, 591, 0, 0
17.3250, 504, 592, 0, 0
17.3510, 505, 590, 0, 0
17.3770, 506, 590, 0, 0
17.4030, 507, 589, 0, 0
17.4290, 508, 589, 0, 0
17.4550, 509, 589, 0, 0
17.4810, 509, 589, 0, 0
17.5070, 508, 590, 0, 0
17.5330, 508, 591, 0, 0
17.5590, 507, 592, 0, 0
17.5850, 506, 594, 0, 0
17.6110, 505, 594, 0, 0
17.6360, 504, 595, 0, 0
17.6630, 503, 596, 0, 0
17.6890, 501, 596, 0, 0
17.7150, 500, 597, 0, 0
17.7410, 498, 598, 0, 0
17.7660, 498, 598, 0, 0
17.7930, 496, 599, 0, 0
17.8190, 496, 599, 0, 0
17.8450, 496, 599, 0, 0
17.8710, 497, 600, 0, 0
17.8960, 496, 599, 0, 0
17.9230, 496, 600, 0, 0
17.9490, 495, 600, 0, 0
17.9750, 494, 601, 0, 0
18.0010, 493, 602, 0, 0
18.0270, 492, 602, 0, 0
18.0530, 492, 602, 0, 0
18.0790, 493, 603, 0, 0
18.1050, 493, 603, 0, 0
18.1310, 491, 604, 0, 0
18.1570, 492, 603, 0, 0
18.1830, 490, 604, 0, 0
18.2090, 490, 605, 0, 0
18.2340, 491, 605, 0, 0
18.2610, 493, 606, 0, 0
18.2870, 493, 606, 0, 0
18.3130, 493, 606, 0, 0
18.3390, 492, 607, 0, 0
Trial 1 ended
Trial 2 started
time, up, down, lbl_up, lbl_down
0.0000, 511, 604, 0, 0
0.0100, 511, 604, 0, 0
0.0350, 511, 604, 0, 0
0.0610, 511, 604, 0, 0
0.0850, 511, 604, 0, 0
0.1110, 510, 604, 0, 0
0.1350, 510, 604, 0, 0
0.1600, 510, 604, 0, 0
0.1860, 511, 604, 0, 0
0.2100, 511, 604, 0, 0
0.2350, 510, 604, 0, 0
0.2600, 511, 605, 0, 0
0.2850, 511, 604, 0, 0
0.3100, 511, 604, 0, 0
0.3350, 510, 604, 0, 0
0.3600, 511, 604, 0, 0
0.3850, 511, 605, 0, 0
0.4100, 511, 604, 0, 0
0.4340, 510, 605, 0, 0
0.4600, 510, 604, 0, 0
0.4850, 510, 605, 0, 0
0.5100, 510, 605, 0, 0
0.5350, 509, 605, 0, 0
0.5590, 509, 605, 0, 0
0.5850, 509, 606, 0, 0
0.6090, 509, 605, 0, 0
0.6340, 508, 605, 0, 0
0.6600, 508, 604, 0, 0
0.6840, 509, 605, 0, 0
0.7100, 508, 605, 0, 0
0.7340, 508, 605, 0, 0
0.7590, 508, 605, 0, 0
0.7850, 507, 605, 0, 0
0.8090, 507, 605, 0, 0
0.8340, 507, 604, 0, 0
0.8590, 507, 604, 0, 0
0.8840, 507, 604, 0, 0
0.9090, 507, 604, 0, 0
0.9340, 507, 604, 0, 0
0.9590, 507, 604, 0, 0
0.9840, 507, 603, 0, 0
1.0090, 507, 603, 0, 0
1.0330, 507, 603, 0, 0
1.0590, 507, 603, 0, 0
1.0840, 507, 603, 0, 0
1.1090, 507, 603, 0, 0
1.1340, 507, 603, 0, 0
1.1580, 506, 603, 0, 0
1.1840, 506, 603, 0, 0
1.2090, 506, 603, 0, 0
1.2330, 505, 603, 0, 0
1.2590, 505, 603, 0, 0
1.2830, 505, 604, 0, 0
1.3090, 505, 604, 0, 0
1.3330, 505, 604, 0, 0
1.3580, 506, 604, 0, 0
1.3840, 506, 604, 0, 0
1.4080, 506, 605, 0, 0
1.4330, 505, 605, 0, 0
1.4580, 504, 605, 0, 0
1.4830, 503, 605, 0, 0
1.5090, 503, 606, 0, 0
1.5330, 502, 606, 0, 0
1.5580, 502, 606, 0, 0
1.5830, 503, 606, 0, 0
1.6080, 502, 605, 0, 0
1.6320, 502, 605, 0, 0
1.6580, 503, 606, 0, 0
1.6830, 503, 605, 0, 0
1.7080, 504, 605, 0, 0
1.7330, 503, 605, 0, 0
1.7570, 504, 605, 0, 0
1.7830, 505, 604, 0, 0
1.8080, 505, 604, 0, 0
1.8320, 506, 603, 0, 0
1.8580, 507, 601, 0, 0
1.8820, 508, 601, 0, 0
1.9080, 508, 601, 0, 0
1.9320, 509, 600, 0, 0
1.9570, 509, 599, 0, 0
1.9830, 510, 599, 0, 0
2.0070, 511, 598, 0, 0
2.0320, 510, 598, 0, 0
2.0570, 511, 599, 0, 0
2.0820, 511, 599, 0, 0
2.1080, 511, 599, 0, 0
2.1320, 511, 599, 0, 0
2.1570, 511, 599, 0, 0
2.1820, 511, 599, 0, 0
2.2070, 511, 598, 0, 0
2.2310, 511, 599, 0, 0
2.2570, 511, 598, 0, 0
2.2820, 511, 599, 0, 0
2.3070, 510, 599, 0, 0
2.3320, 510, 599, 0, 0
2.3560, 511, 599, 0, 0
2.3820, 511, 599, 0, 0
2.4070, 511, 599, 0, 0
2.4310, 511, 598, 0, 0
2.4570, 511, 598, 0, 0
2.4810, 511, 597, 0, 0
2.5070, 511, 596, 0, 0
2.5320, 511, 597, 0, 0
2.5560, 511, 597, 0, 0
2.5820, 511, 596, 0, 0
2.6060, 512, 596, 0, 0
2.6310, 512, 596, 0, 0
2.6560, 512, 596, 0, 0
2.6810, 512, 596, 0, 0
2.7070, 512, 596, 0, 0
2.7310, 512, 597, 0, 0
2.7560, 512, 597, 0, 0
2.7810, 512, 597, 0, 0
2.8060, 512, 596, 0, 0
2.8310, 512, 596, 0, 0
2.8560, 512, 596, 0, 0
2.8810, 512, 597, 0, 0
2.9060, 513, 596, 0, 0
2.9310, 513, 597, 0, 0
2.9550, 514, 596, 0, 0
2.9810, 515, 596, 0, 0
3.0060, 514, 597, 0, 0
3.0300, 513, 598, 0, 0
3.0560, 513, 598, 0, 0
3.0800, 511, 598, 0, 0
3.1060, 510, 599, 0, 0
3.1310, 508, 599, 0, 0
3.1550, 507, 599, 0, 0
3.1810, 507, 600, 0, 0
3.2050, 505, 600, 0, 0
3.2300, 505, 600, 0, 0
3.2550, 507, 601, 0, 0
3.2800, 506, 600, 0, 0
3.3060, 506, 600, 0, 0
3.3300, 507, 600, 0, 0
3.3550, 507, 600, 0, 0
3.3800, 507, 599, 0, 0
3.4050, 508, 599, 0, 0
3.4300, 508, 599, 0, 0
3.4550, 508, 600, 0, 0
3.4800, 509, 599, 0, 0
3.5050, 508, 600, 0, 0
3.5300, 510, 598, 0, 0
3.5540, 510, 598, 0, 0
3.5800, 511, 598, 0, 0
3.6050, 511, 598, 0, 0
3.6290, 510, 598, 0, 0
3.6550, 509, 599, 0, 0
3.6790, 509, 600, 0, 0
3.7050, 509, 600, 0, 0
3.7300, 509, 600, 0, 0
3.7540, 508, 600, 0, 0
3.7800, 508, 600, 0, 0
3.8040, 508, 599, 0, 0
3.8290, 509, 600, 0, 0
3.8550, 509, 600, 0, 0
3.8790, 509, 600, 0, 0
3.9050, 509, 600, 0, 0
3.9290, 510, 599, 0, 0
3.9540, 510, 599, 0, 0
3.9790, 509, 599, 0, 0
4.0040, 509, 599, 0, 0
4.0290, 509, 599, 0, 0
4.0540, 509, 599, 0, 0
4.0790, 509, 599, 0, 0
4.1040, 508, 599, 0, 0
4.1290, 507, 599, 0, 0
4.1540, 506, 599, 0, 0
4.1790, 505, 600, 0, 0
4.2040, 503, 600, 0, 0
4.2280, 502, 602, 0, 0
4.2540, 502, 601, 0, 0
4.2780, 502, 602, 0, 0
4.3040, 501, 603, 0, 0
4.3290, 501, 603, 0, 0
4.3530, 502, 603, 0, 0
4.3790, 502, 603, 0, 0
4.4030, 503, 604, 0, 0
4.4280, 503, 604, 0, 0
4.4540, 504, 603, 0, 0
4.4780, 505, 604, 0, 0
4.5040, 506, 604, 0, 0
4.5280, 506, 603, 0, 0
4.5530, 507, 603, 0, 0
4.5780, 506, 603, 0, 0
4.6030, 506, 603, 0, 0
4.6280, 505, 603, 0, 0
4.6530, 503, 603, 0, 0
4.6780, 503, 604, 0, 0
4.7030, 501, 604, 0, 0
4.7280, 499, 605, 0, 0
4.7530, 499, 604, 0, 0
4.7780, 499, 604, 0, 0
4.8030, 499, 604, 0, 0
4.8270, 501, 603, 0, 0
4.8530, 502, 603, 0, 0
4.8770, 504, 603, 0, 0
4.9030, 503, 603, 0, 0
4.9280, 504, 603, 0, 0
4.9520, 502, 604, 0, 0
4.9780, 502, 604, 0, 0
5.0020, 504, 604, 0, 0
5.0270, 506, 603, 0, 0
5.0530, 507, 602, 0, 0
5.0770, 508, 602, 0, 0
5.1030, 508, 601, 0, 0
5.1270, 508, 601, 0, 0
5.1520, 509, 600, 0, 0
5.1780, 508, 600, 0, 0
5.2020, 508, 601, 0, 0
5.2270, 508, 601, 0, 0
5.2520, 507, 602, 0, 0
5.2770, 507, 602, 0, 0
5.3020, 507, 602, 0, 0
5.3270, 508, 602, 0, 0
5.3520, 508, 600, 0, 0
5.3770, 509, 601, 0, 0
5.4020, 509, 601, 0, 0
5.4260, 509, 600, 0, 0
5.4520, 509, 599, 0, 0
5.4770, 509, 599, 0, 0
5.5020, 509, 600, 0, 0
5.5270, 508, 600, 0, 0
5.5510, 508, 600, 0, 0
5.5770, 507, 600, 0, 0
5.6010, 507, 600, 0, 0
5.6260, 507, 600, 0, 0
5.6520, 506, 600, 0, 0
5.6760, 505, 600, 0, 0
5.7020, 505, 600, 0, 0
5.7260, 504, 600, 0, 0
5.7510, 503, 600, 0, 0
5.7770, 503, 601, 0, 0
5.8010, 501, 602, 0, 0
5.8260, 500, 603, 0, 0
5.8510, 500, 603, 0, 0
5.8760, 500, 604, 0, 0
5.9010, 502, 604, 0, 0
5.9260, 502, 604, 0, 0
5.9510, 501, 605, 0, 0
5.9760, 500, 607, 0, 0
6.0010, 499, 607, 0, 0
6.0250, 498, 609, 0, 0
6.0510, 498, 609, 0, 0
6.0760, 497, 609, 0, 0
6.1010, 495, 610, 0, 0
6.1260, 495, 609, 0, 0
6.1500, 493, 609, 0, 0
6.1760, 491, 609, 0, 0
6.2010, 488, 609, 0, 0
6.2250, 481, 610, 0, 0
6.2510, 479, 611, 0, 0
6.2750, 480, 610, 0, 0
6.3010, 480, 609, 0, 0
6.3250, 483, 610, 0, 0
6.3500, 484, 609, 0, 0
6.3760, 485, 609, 0, 0
6.4000, 488, 608, 0, 0
6.4250, 490, 606, 0, 0
6.4500, 491, 606, 0, 0
6.4750, 492, 606, 0, 0
6.5010, 493, 605, 0, 0
6.5250, 493, 605, 0, 0
6.5500, 495, 604, 0, 0
6.5750, 496, 604, 0, 0
6.6000, 497, 604, 0, 0
6.6240, 498, 603, 0, 0
6.6500, 498, 603, 0, 0
6.6750, 498, 604, 0, 0
6.7000, 498, 604, 0, 0
6.7250, 498, 604, 0, 0
6.7490, 498, 605, 0, 0
6.7750, 498, 605, 0, 0
6.8000, 498, 605, 0, 0
6.8240, 498, 604, 0, 0
6.8500, 498, 604, 0, 0
6.8740, 498, 603, 0, 0
6.9000, 499, 603, 0, 0
6.9240, 498, 604, 0, 0
6.9490, 498, 603, 0, 0
6.9750, 498, 604, 0, 0
6.9990, 498, 604, 0, 0
7.0240, 498, 604, 0, 0
7.0490, 498, 604, 0, 0
7.0740, 498, 604, 0, 0
7.1000, 498, 604, 0, 0
7.1240, 498, 604, 0, 0
7.1490, 497, 603, 0, 0
7.1740, 497, 604, 0, 0
7.1990, 498, 603, 0, 0
7.2230, 498, 603, 0, 0
7.2490, 498, 603, 0, 0
7.2740, 498, 603, 0, 0
7.2990, 498, 604, 0, 0
7.3240, 497, 605, 0, 0
7.3480, 497, 606, 0, 0
7.3740, 496, 606, 0, 0
7.3990, 496, 607, 0, 0
7.4230, 496, 607, 0, 0
7.4490, 497, 606, 0, 0
7.4730, 497, 607, 0, 0
7.4990, 496, 607, 0, 0
7.5240, 496, 607, 0, 0
7.5480, 494, 608, 0, 0
7.5740, 493, 608, 0, 0
7.5980, 492, 609, 0, 0
7.6230, 491, 609, 0, 0
7.6480, 491, 610, 0, 0
7.6730, 491, 611, 0, 0
7.6990, 492, 610, 0, 0
7.7230, 492, 611, 0, 0
7.7480, 492, 610, 0, 0
7.7730, 493, 611, 0, 0
7.7980, 492, 610, 0, 0
7.8230, 492, 610, 0, 0
7.8480, 493, 610, 0, 0
7.8730, 491, 610, 0, 0
7.8980, 492, 610, 0, 0
7.9230, 493, 610, 0, 0
7.9470, 492, 610, 0, 0
7.9730, 493, 610, 0, 0
7.9980, 493, 610, 0, 0
8.0220, 493, 610, 0, 0
8.0480, 496, 608, 0, 0
8.0720, 497, 608, 0, 0
8.0980, 496, 608, 0, 0
8.1230, 496, 609, 0, 0
8.1470, 496, 608, 0, 0
8.1730, 495, 609, 0, 0
8.1970, 496, 608, 0, 0
8.2220, 496, 607, 0, 0
8.2470, 496, 608, 0, 0
8.2720, 497, 607, 0, 0
8.2980, 499, 606, 0, 0
8.3220, 499, 605, 0, 0
8.3470, 499, 604, 0, 0
8.3720, 500, 604, 0, 0
8.3970, 500, 604, 0, 0
8.4220, 501, 604, 0, 0
8.4470, 501, 604, 0, 0
8.4720, 500, 605, 0, 0
8.4970, 500, 605, 0, 0
8.5220, 499, 605, 0, 0
8.5460, 499, 605, 0, 0
8.5720, 500, 604, 0, 0
8.5970, 500, 605, 0, 0
8.6210, 501, 604, 0, 0
8.6470, 500, 604, 0, 0
8.6710, 500, 604, 0, 0
8.6970, 500, 603, 0, 0
8.7220, 500, 604, 0, 0
8.7460, 500, 603, 0, 0
8.7720, 500, 603, 0, 0
8.7960, 500, 602, 0, 0
8.8210, 500, 602, 0, 0
8.8470, 500, 601, 0, 0
8.8710, 500, 601, 0, 0
8.8970, 500, 601, 0, 0
8.9210, 500, 601, 0, 0
8.9460, 500, 601, 0, 0
8.9710, 500, 602, 0, 0
8.9960, 501, 601, 0, 0
9.0210, 501, 602, 0, 0
9.0460, 500, 602, 0, 0
9.0710, 500, 603, 0, 0
9.0960, 501, 604, 0, 0
9.1210, 501, 603, 0, 0
9.1460, 501, 603, 0, 0
9.1710, 502, 603, 0, 0
9.1960, 502, 603, 0, 0
9.2200, 503, 602, 0, 0
9.2460, 505, 600, 0, 0
9.2700, 506, 600, 0, 0
9.2960, 507, 600, 0, 0
9.3210, 507, 599, 0, 0
9.3450, 507, 601, 0, 0
9.3710, 506, 602, 0, 0
9.3950, 504, 603, 0, 0
9.4200, 501, 604, 0, 0
9.4460, 500, 604, 0, 0
9.4700, 500, 605, 0, 0
9.4960, 497, 605, 0, 0
9.5200, 496, 605, 0, 0
9.5450, 495, 606, 0, 0
9.5700, 492, 607, 0, 0
9.5950, 492, 607, 0, 0
9.6200, 492, 607, 0, 0
9.6450, 491, 607, 0, 0
9.6700, 492, 607, 0, 0
9.6950, 494, 607, 0, 0
9.7200, 494, 607, 0, 0
9.7450, 494, 606, 0, 0
9.7700, 493, 607, 0, 0
9.7950, 492, 607, 0, 0
9.8190, 493, 608, 0, 0
9.8450, 494, 607, 0, 0
9.8690, 495, 607, 0, 0
9.8950, 496, 607, 0, 0
9.9200, 497, 606, 0, 0
9.9440, 497, 605, 0, 0
9.9700, 497, 606, 0, 0
9.9940, 497, 606, 0, 0
10.0190, 496, 607, 0, 0
10.0460, 496, 607, 0, 0
10.0710, 496, 607, 0, 0
10.0980, 496, 607, 0, 0
10.1230, 496, 607, 0, 0
10.1490, 496, 607, 0, 0
10.1760, 496, 607, 0, 0
10.2010, 497, 607, 0, 0
10.2280, 497, 607, 0, 0
10.2530, 497, 606, 0, 0
10.2790, 497, 605, 0, 0
10.3060, 498, 605, 0, 0
10.3310, 497, 605, 0, 0
10.3580, 497, 605, 0, 0
10.3840, 497, 605, 0, 0
10.4090, 498, 605, 0, 0
10.4360, 497, 604, 0, 0
10.4610, 498, 604, 0, 0
10.4870, 498, 604, 0, 0
10.5140, 498, 603, 0, 0
10.5390, 498, 604, 0, 0
10.5660, 499, 602, 0, 0
10.5910, 499, 602, 0, 0
10.6170, 500, 602, 0, 0
10.6440, 500, 602, 0, 0
10.6690, 500, 602, 0, 0
10.6960, 501, 603, 0, 0
10.7210, 501, 602, 0, 0
10.7470, 501, 603, 0, 0
10.7740, 502, 603, 0, 0
10.7990, 502, 603, 0, 0
10.8260, 502, 604, 0, 0
10.8520, 501, 604, 0, 0
10.8770, 501, 605, 0, 0
10.9040, 501, 606, 0, 0
10.9290, 500, 606, 0, 0
10.9560, 500, 606, 0, 0
10.9820, 500, 606, 0, 0
11.0070, 501, 606, 0, 0
11.0340, 501, 606, 0, 0
11.0590, 501, 606, 0, 0
11.0850, 501, 606, 0, 0
11.1120, 502, 606, 0, 0
11.1370, 501, 606, 0, 0
11.1640, 500, 607, 0, 0
11.1890, 499, 607, 0, 0
11.2150, 496, 607, 0, 0
11.2420, 497, 607, 0, 0
11.2670, 497, 607, 0, 0
11.2940, 496, 607, 0, 0
11.3190, 496, 607, 0, 0
11.3450, 496, 607, 0, 0
11.3720, 494, 608, 0, 0
11.3970, 495, 607, 0, 0
11.4240, 496, 607, 0, 0
11.4500, 495, 607, 0, 0
11.4750, 495, 608, 0, 0
11.5020, 497, 607, 0, 0
11.5270, 498, 607, 0, 0
11.5540, 498, 607, 0, 0
11.5800, 498, 607, 0, 0
11.6050, 498, 608, 0, 0
11.6320, 497, 607, 0, 0
11.6570, 497, 607, 0, 0
11.6830, 497, 608, 0, 0
11.7100, 497, 607, 0, 0
11.7350, 497, 607, 0, 0
11.7620, 496, 608, 0, 0
11.7870, 496, 608, 0, 0
11.8130, 496, 607, 0, 0
11.8400, 497, 607, 0, 0
11.8650, 498, 606, 0, 0
11.8920, 499, 606, 0, 0
11.9170, 499, 606, 0, 0
11.9430, 499, 607, 0, 0
11.9700, 499, 606, 0, 0
11.9950, 500, 605, 0, 0
12.0220, 500, 605, 0, 0
12.0480, 501, 604, 0, 0
12.0730, 501, 604, 0, 0
12.1000, 501, 603, 0, 0
12.1250, 501, 600, 0, 0
12.1510, 502, 599, 0, 0
12.1780, 502, 598, 0, 0
12.2030, 502, 596, 0, 0
12.2300, 503, 596, 0, 0
12.2550, 503, 595, 0, 0
12.2810, 504, 595, 0, 0
12.3080, 504, 595, 0, 0
12.3330, 505, 594, 0, 0
12.3600, 505, 594, 0, 0
12.3850, 505, 594, 0, 0
12.4110, 506, 595, 0, 0
12.4380, 507, 595, 0, 0
12.4630, 507, 596, 0, 0
12.4900, 508, 596, 0, 0
12.5160, 508, 596, 0, 0
12.5410, 507, 598, 0, 0
12.5680, 507, 601, 0, 0
12.5930, 506, 602, 0, 0
12.6200, 507, 602, 0, 0
12.6460, 508, 601, 0, 0
12.6710, 509, 601, 0, 0
12.6980, 510, 601, 0, 0
12.7230, 509, 601, 0, 0
12.7490, 508, 602, 0, 0
12.7760, 505, 603, 0, 0
12.8010, 504, 604, 0, 0
12.8280, 502, 604, 0, 0
12.8530, 499, 605, 0, 0
12.8790, 498, 605, 0, 0
12.9060, 496, 606, 0, 0
12.9310, 495, 607, 0, 0
12.9580, 494, 607, 0, 0
12.9830, 494, 607, 0, 0
13.0090, 494, 607, 0, 0
13.0360, 495, 607, 0, 0
13.0610, 495, 607, 0, 0
13.0880, 496, 606, 0, 0
13.1140, 498, 605, 0, 0
13.1390, 498, 606, 0, 0
13.1660, 499, 605, 0, 0
13.1910, 499, 605, 0, 0
13.2180, 496, 606, 0, 0
13.2440, 495, 607, 0, 0
13.2690, 496, 606, 0, 0
13.2960, 496, 607, 0, 0
13.3210, 498, 606, 0, 0
13.3470, 499, 605, 0, 0
13.3740, 499, 605, 0, 0
13.3990, 498, 605, 0, 0
13.4260, 499, 605, 0, 0
13.4510, 499, 605, 0, 0
13.4770, 498, 605, 0, 0
13.5040, 498, 605, 0, 0
13.5290, 499, 604, 0, 0
13.5560, 498, 604, 0, 0
13.5810, 499, 604, 0, 0
13.6070, 499, 603, 0, 0
13.6340, 499, 603, 0, 0
13.6590, 500, 602, 0, 0
13.6860, 500, 601, 0, 0
13.7120, 501, 601, 0, 0
13.7370, 501, 600, 0, 0
13.7640, 502, 599, 0, 0
13.7890, 502, 600, 0, 0
13.8150, 502, 600, 0, 0
13.8420, 502, 599, 0, 0
13.8670, 503, 600, 0, 0
13.8940, 503, 599, 0, 0
13.9190, 503, 599, 0, 0
13.9450, 503, 599, 0, 0
13.9720, 503, 599, 0, 0
13.9970, 502, 599, 0, 0
14.0240, 502, 600, 0, 0
14.0490, 502, 600, 0, 0
14.0750, 502, 600, 0, 0
14.1020, 502, 599, 0, 0
14.1270, 502, 600, 0, 0
14.1540, 502, 600, 0, 0
14.1800, 501, 601, 0, 0
14.2050, 501, 602, 0, 0
14.2320, 500, 602, 0, 0
14.2570, 498, 602, 0, 0
14.2840, 499, 603, 0, 0
14.3100, 499, 603, 0, 0
14.3350, 497, 603, 0, 0
14.3620, 497, 603, 0, 0
14.3870, 495, 604, 0, 0
14.4130, 494, 604, 0, 0
14.4400, 494, 604, 0, 0
14.4650, 493, 605, 0, 0
14.4920, 492, 605, 0, 0
14.5170, 491, 605, 0, 0
14.5430, 488, 606, 0, 0
14.5700, 490, 606, 0, 0
14.5950, 490, 606, 0, 0
14.6220, 490, 606, 0, 0
14.6470, 492, 604, 0, 0
14.6730, 492, 604, 0, 0
14.7000, 493, 605, 0, 0
14.7250, 494, 604, 0, 0
14.7520, 493, 605, 0, 0
14.7780, 493, 604, 0, 0
14.8030, 495, 603, 0, 0
14.8300, 496, 603, 0, 0
14.8550, 496, 603, 0, 0
14.8820, 497, 603, 0, 0
14.9080, 497, 603, 0, 0
14.9330, 496, 603, 0, 0
14.9600, 496, 604, 0, 0
14.9850, 496, 604, 0, 0
15.0110, 496, 604, 0, 0
15.0380, 496, 605, 0, 0
15.0630, 496, 605, 0, 0
15.0900, 496, 605, 0, 0
15.1150, 496, 604, 0, 0
15.1410, 496, 603, 0, 0
15.1680, 497, 603, 0, 0
15.1930, 496, 602, 0, 0
15.2200, 498, 600, 0, 0
15.2450, 499, 599, 0, 0
15.2710, 500, 598, 0, 0
15.2980, 500, 597, 0, 0
15.3230, 502, 597, 0, 0
15.3500, 502, 597, 0, 0
15.3760, 503, 597, 0, 0
15.4010, 503, 595, 0, 0
15.4280, 504, 595, 0, 0
15.4530, 504, 594, 0, 0
15.4790, 506, 593, 0, 0
15.5060, 507, 591, 0, 0
15.5310, 509, 590, 0, 0
15.5580, 510, 588, 0, 0
15.5830, 511, 588, 0, 0
15.6090, 513, 585, 0, 0
15.6360, 515, 585, 0, 0
15.6610, 516, 584, 0, 1
15.6880, 517, 583, 0, 1
15.7130, 518, 582, 0, 1
15.7390, 519, 583, 0, 1
15.7660, 520, 584, 0, 1
15.7910, 520, 586, 0, 0
15.8180, 520, 587, 0, 0
15.8440, 521, 587, 0, 0
15.8690, 522, 587, 0, 0
15.8960, 522, 588, 0, 0
15.9210, 522, 589, 0, 0
15.9480, 522, 590, 0, 0
15.9740, 521, 590, 0, 0
15.9990, 518, 592, 0, 0
16.0260, 512, 593, 0, 0
16.0510, 509, 595, 0, 0
16.0770, 504, 597, 0, 0
16.1040, 500, 598, 0, 0
16.1290, 497, 599, 0, 0
16.1560, 495, 601, 0, 0
16.1810, 495, 602, 0, 0
16.2070, 495, 602, 0, 0
16.2340, 493, 603, 0, 0
16.2590, 495, 603, 0, 0
16.2860, 495, 604, 0, 0
16.3110, 494, 604, 0, 0
16.3370, 496, 604, 0, 0
16.3640, 497, 603, 0, 0
16.3890, 495, 604, 0, 0
16.4160, 494, 605, 0, 0
16.4420, 493, 605, 0, 0
16.4670, 491, 606, 0, 0
16.4940, 491, 606, 0, 0
16.5190, 491, 607, 0, 0
16.5460, 490, 607, 0, 0
16.5720, 489, 608, 0, 0
16.5970, 487, 609, 0, 0
16.6240, 487, 609, 0, 0
16.6490, 487, 610, 0, 0
16.6750, 489, 610, 0, 0
16.7020, 491, 610, 0, 0
16.7270, 492, 610, 0, 0
16.7540, 493, 610, 0, 0
16.7790, 492, 610, 0, 0
16.8050, 491, 612, 0, 0
Trial 2 ended
Trial 3 started
time, up, down, lbl_up, lbl_down
0.0000, 521, 599, 0, 0
0.0100, 521, 600, 0, 0
0.0350, 521, 600, 0, 0
0.0610, 521, 601, 0, 0
0.0850, 520, 601, 0, 0
0.1100, 520, 601, 0, 0
0.1350, 519, 601, 0, 0
0.1600, 518, 601, 0, 0
0.1850, 518, 602, 0, 0
0.2100, 518, 602, 0, 0
0.2350, 518, 602, 0, 0
0.2600, 518, 602, 0, 0
0.2850, 517, 602, 0, 0
0.3090, 516, 603, 0, 0
0.3350, 516, 602, 0, 0
0.3600, 516, 602, 0, 0
0.3840, 516, 602, 0, 0
0.4100, 516, 602, 0, 0
0.4340, 515, 602, 0, 0
0.4600, 515, 602, 0, 0
0.4850, 515, 602, 0, 0
0.5090, 516, 601, 0, 0
0.5350, 516, 601, 0, 0
0.5590, 516, 601, 0, 0
0.5840, 516, 601, 0, 0
0.6090, 516, 601, 0, 0
0.6340, 516, 600, 0, 0
0.6600, 517, 600, 0, 0
0.6840, 516, 600, 0, 0
0.7090, 515, 600, 0, 0
0.7340, 516, 599, 0, 0
0.7590, 516, 598, 0, 0
0.7840, 517, 597, 0, 0
0.8090, 517, 596, 0, 0
0.8340, 517, 596, 0, 0
0.8590, 517, 596, 0, 0
0.8840, 517, 596, 0, 0
0.9080, 517, 596, 0, 0
0.9340, 516, 596, 0, 0
0.9590, 517, 596, 0, 0
0.9830, 517, 596, 0, 0
1.0090, 518, 595, 0, 0
1.0330, 519, 595, 0, 0
1.0590, 520, 595, 0, 0
1.0840, 520, 596, 0, 0
1.1080, 520, 596, 0, 0
1.1340, 520, 597, 0, 0
1.1580, 517, 597, 0, 0
1.1830, 516, 597, 0, 0
1.2090, 516, 598, 0, 0
1.2330, 513, 598, 0, 0
1.2590, 514, 598, 0, 0
1.2830, 514, 599, 0, 0
1.3080, 513, 599, 0, 0
1.3330, 514, 599, 0, 0
1.3580, 514, 599, 0, 0
1.3830, 512, 599, 0, 0
1.4080, 512, 599, 0, 0
1.4330, 512, 600, 0, 0
1.4580, 512, 599, 0, 0
1.4830, 513, 599, 0, 0
1.5080, 514, 599, 0, 0
1.5330, 515, 598, 0, 0
1.5580, 515, 598, 0, 0
1.5820, 516, 597, 0, 0
1.6080, 516, 598, 0, 0
1.6320, 517, 596, 0, 0
1.6580, 517, 595, 0, 0
1.6830, 517, 595, 0, 0
1.7070, 518, 595, 0, 0
1.7330, 518, 595, 0, 0
1.7570, 518, 595, 0, 0
1.7820, 518, 595, 0, 0
1.8080, 518, 595, 0, 0
1.8320, 517, 595, 0, 0
1.8580, 517, 595, 0, 0
1.8820, 517, 595, 0, 0
1.9070, 518, 594, 0, 0
1.9320, 518, 594, 0, 0
1.9570, 518, 594, 0, 0
1.9820, 518, 593, 0, 0
2.0070, 519, 593, 0, 0
2.0320, 519, 593, 0, 0
2.0570, 519, 592, 0, 0
2.0820, 519, 591, 0, 0
2.1070, 519, 591, 0, 0
2.1320, 520, 590, 0, 0
2.1570, 519, 590, 0, 0
2.1810, 520, 590, 0, 0
2.2070, 520, 591, 0, 0
2.2310, 520, 590, 0, 0
2.2570, 520, 590, 0, 0
2.2820, 519, 588, 0, 0
2.3060, 520, 588, 0, 0
2.3320, 519, 588, 0, 0
2.3560, 519, 587, 0, 0
2.3810, 520, 587, 0, 0
2.4070, 520, 588, 0, 0
2.4310, 520, 589, 0, 0
2.4570, 520, 589, 0, 0
2.4810, 519, 590, 0, 0
2.5060, 519, 591, 0, 0
2.5320, 519, 592, 0, 0
2.5560, 519, 593, 0, 0
2.5810, 520, 592, 0, 0
2.6060, 520, 593, 0, 0
2.6310, 520, 593, 0, 0
2.6560, 520, 593, 0, 0
2.6810, 518, 594, 0, 0
2.7060, 516, 594, 0, 0
2.7310, 514, 595, 0, 0
2.7560, 511, 596, 0, 0
2.7800, 510, 596, 0, 0
2.8060, 509, 597, 0, 0
2.8310, 507, 597, 0, 0
2.8560, 508, 598, 0, 0
2.8810, 508, 598, 0, 0
2.9050, 506, 598, 0, 0
2.9310, 507, 598, 0, 0
2.9550, 508, 598, 0, 0
2.9800, 508, 599, 0, 0
3.0060, 509, 598, 0, 0
3.0300, 509, 599, 0, 0
3.0560, 509, 599, 0, 0
3.0800, 509, 599, 0, 0
3.1050, 510, 598, 0, 0
3.1310, 511, 598, 0, 0
3.1550, 512, 597, 0, 0
3.1800, 512, 597, 0, 0
3.2050, 512, 598, 0, 0
3.2300, 513, 597, 0, 0
3.2550, 512, 597, 0, 0
3.2800, 512, 597, 0, 0
3.3050, 513, 597, 0, 0
3.3300, 512, 597, 0, 0
3.3550, 512, 597, 0, 0
3.3790, 511, 597, 0, 0
3.4050, 512, 597, 0, 0
3.4300, 512, 597, 0, 0
3.4550, 512, 596, 0, 0
3.4800, 513, 595, 0, 0
3.5040, 513, 595, 0, 0
3.5300, 514, 595, 0, 0
3.5550, 514, 595, 0, 0
3.5790, 515, 594, 0, 0
3.6050, 515, 594, 0, 0
3.6290, 515, 594, 0, 0
3.6550, 515, 593, 0, 0
3.6790, 515, 593, 0, 0
3.7040, 516, 592, 0, 0
3.7300, 516, 592, 0, 0
3.7540, 516, 592, 0, 0
3.7790, 517, 591, 0, 0
3.8040, 517, 592, 0, 0
3.8290, 517, 591, 0, 0
3.8550, 518, 593, 0, 0
3.8790, 517, 594, 0, 0
3.9040, 517, 595, 0, 0
3.9290, 515, 596, 0, 0
3.9540, 514, 597, 0, 0
3.9780, 513, 598, 0, 0
4.0040, 511, 599, 0, 0
4.0290, 511, 599, 0, 0
4.0540, 511, 599, 0, 0
4.0790, 512, 599, 0, 0
4.1030, 512, 599, 0, 0
4.1290, 514, 599, 0, 0
4.1540, 514, 599, 0, 0
4.1780, 513, 600, 0, 0
4.2040, 513, 599, 0, 0
4.2280, 511, 600, 0, 0
4.2540, 509, 600, 0, 0
4.2780, 508, 599, 0, 0
4.3030, 505, 600, 0, 0
4.3290, 505, 600, 0, 0
4.3530, 506, 600, 0, 0
4.3780, 506, 600, 0, 0
4.4030, 507, 599, 0, 0
4.4280, 507, 600, 0, 0
4.4540, 508, 600, 0, 0
4.4780, 507, 600, 0, 0
4.5030, 508, 600, 0, 0
4.5280, 508, 600, 0, 0
4.5530, 508, 600, 0, 0
4.5770, 508, 600, 0, 0
4.6030, 508, 600, 0, 0
4.6280, 509, 600, 0, 0
4.6530, 509, 600, 0, 0
4.6780, 509, 600, 0, 0
4.7020, 509, 600, 0, 0
4.7280, 510, 600, 0, 0
4.7530, 511, 600, 0, 0
4.7770, 511, 599, 0, 0
4.8030, 510, 599, 0, 0
4.8270, 510, 600, 0, 0
4.8530, 509, 600, 0, 0
4.8780, 509, 600, 0, 0
4.9020, 509, 601, 0, 0
4.9280, 509, 601, 0, 0
4.9520, 509, 601, 0, 0
4.9770, 509, 600, 0, 0
5.0020, 509, 601, 0, 0
5.0270, 510, 600, 0, 0
5.0530, 510, 600, 0, 0
5.0770, 511, 599, 0, 0
5.1020, 512, 599, 0, 0
5.1270, 512, 598, 0, 0
5.1520, 512, 597, 0, 0
5.1770, 513, 596, 0, 0
5.2020, 512, 597, 0, 0
5.2270, 513, 597, 0, 0
5.2520, 514, 596, 0, 0
5.2770, 514, 595, 0, 0
5.3010, 514, 595, 0, 0
5.3270, 514, 595, 0, 0
5.3520, 515, 595, 0, 0
5.3760, 515, 594, 0, 0
5.4020, 516, 594, 0, 0
5.4260, 517, 593, 0, 0
5.4520, 517, 593, 0, 0
5.4770, 518, 594, 0, 0
5.5010, 518, 594, 0, 0
5.5270, 519, 594, 0, 0
5.5510, 520, 594, 0, 0
5.5760, 520, 594, 0, 0
5.6010, 521, 594, 0, 0
5.6260, 522, 595, 0, 0
5.6520, 523, 594, 0, 0
5.6760, 522, 595, 0, 0
5.7010, 520, 596, 0, 0
5.7260, 520, 597, 0, 0
5.7510, 519, 597, 0, 0
5.7760, 517, 597, 0, 0
5.8010, 514, 598, 0, 0
5.8260, 507, 600, 0, 0
5.8510, 506, 602, 0, 0
5.8760, 504, 602, 0, 0
5.9000, 503, 602, 0, 0
5.9260, 505, 601, 0, 0
5.9510, 507, 602, 0, 0
5.9750, 506, 602, 0, 0
6.0010, 506, 602, 0, 0
6.0250, 505, 602, 0, 0
6.0510, 504, 603, 0, 0
6.0760, 505, 603, 0, 0
6.1000, 505, 602, 0, 0
6.1260, 506, 602, 0, 0
6.1500, 506, 602, 0, 0
6.1750, 502, 603, 0, 0
6.2010, 499, 604, 0, 0
6.2250, 498, 603, 0, 0
6.2510, 499, 604, 0, 0
6.2750, 502, 603, 0, 0
6.3000, 503, 603, 0, 0
6.3250, 503, 603, 0, 0
6.3500, 503, 603, 0, 0
6.3750, 504, 603, 0, 0
6.4000, 504, 602, 0, 0
6.4250, 505, 602, 0, 0
6.4500, 505, 602, 0, 0
6.4750, 505, 602, 0, 0
6.5000, 506, 602, 0, 0
6.5250, 506, 602, 0, 0
6.5500, 507, 601, 0, 0
6.5740, 508, 600, 0, 0
6.6000, 509, 599, 0, 0
6.6240, 509, 599, 0, 0
6.6500, 510, 598, 0, 0
6.6750, 510, 597, 0, 0
6.6990, 511, 597, 0, 0
6.7250, 511, 595, 0, 0
6.7490, 512, 593, 0, 0
6.7740, 512, 592, 0, 0
6.8000, 513, 592, 0, 0
6.8240, 513, 591, 0, 0
6.8500, 514, 591, 0, 0
6.8740, 515, 590, 0, 0
6.8990, 516, 590, 0, 0
6.9240, 517, 590, 0, 0
6.9490, 518, 590, 0, 0
6.9740, 518, 591, 0, 0
6.9990, 520, 591, 0, 0
7.0240, 520, 591, 0, 0
7.0490, 521, 591, 0, 0
7.0740, 521, 592, 0, 0
7.0990, 521, 591, 0, 0
7.1240, 522, 592, 0, 0
7.1490, 522, 592, 0, 0
7.1730, 522, 592, 0, 0
7.1990, 522, 592, 0, 0
7.2230, 521, 593, 0, 0
7.2490, 520, 594, 0, 0
7.2740, 519, 595, 0, 0
7.2980, 518, 595, 0, 0
7.3240, 516, 596, 0, 0
7.3480, 514, 597, 0, 0
7.3730, 513, 597, 0, 0
7.3990, 513, 598, 0, 0
7.4230, 510, 598, 0, 0
7.4490, 512, 598, 0, 0
7.4730, 511, 598, 0, 0
7.4980, 511, 599, 0, 0
7.5240, 511, 598, 0, 0
7.5480, 511, 598, 0, 0
7.5730, 511, 597, 0, 0
7.5980, 511, 597, 0, 0
7.6230, 511, 597, 0, 0
7.6480, 510, 598, 0, 0
7.6730, 510, 598, 0, 0
7.6980, 511, 598, 0, 0
7.7230, 511, 598, 0, 0
7.7480, 512, 597, 0, 0
7.7720, 512, 597, 0, 0
7.7980, 512, 597, 0, 0
7.8230, 512, 598, 0, 0
7.8480, 512, 597, 0, 0
7.8730, 511, 597, 0, 0
7.8970, 512, 597, 0, 0
7.9230, 511, 598, 0, 0
7.9470, 511, 598, 0, 0
7.9720, 511, 598, 0, 0
7.9980, 511, 598, 0, 0
8.0220, 511, 598, 0, 0
8.0480, 511, 597, 0, 0
8.0720, 512, 597, 0, 0
8.0970, 513, 596, 0, 0
8.1230, 513, 595, 0, 0
8.1470, 513, 594, 0, 0
8.1720, 514, 594, 0, 0
8.1970, 514, 594, 0, 0
8.2220, 514, 593, 0, 0
8.2470, 515, 592, 0, 0
8.2720, 516, 591, 0, 0
8.2970, 516, 589, 0, 0
8.3220, 517, 587, 0, 0
8.3470, 518, 586, 0, 0
8.3710, 519, 584, 0, 1
8.3970, 520, 584, 0, 1
8.4220, 521, 582, 0, 1
8.4470, 522, 583, 0, 1
8.4720, 523, 582, 0, 1
8.4960, 523, 582, 0, 1
8.5220, 524, 582, 0, 1
8.5470, 525, 581, 0, 1
8.5710, 526, 580, 0, 1
8.5970, 527, 581, 0, 1
8.6210, 527, 583, 0, 1
8.6470, 528, 583, 0, 1
8.6710, 528, 583, 0, 1
8.6960, 529, 583, 0, 1
8.7220, 531, 582, 0, 1
8.7460, 531, 583, 0, 1
8.7710, 532, 583, 0, 1
8.7960, 531, 583, 0, 1
8.8210, 529, 585, 0, 0
8.8470, 528, 586, 0, 0
8.8710, 525, 587, 0, 0
8.8960, 520, 589, 0, 0
8.9210, 518, 591, 0, 0
8.9460, 516, 592, 0, 0
8.9700, 513, 594, 0, 0
8.9960, 512, 594, 0, 0
9.0210, 511, 595, 0, 0
9.0460, 509, 596, 0, 0
9.0710, 509, 596, 0, 0
9.0950, 508, 596, 0, 0
9.1210, 508, 596, 0, 0
9.1460, 509, 596, 0, 0
9.1700, 509, 596, 0, 0
9.1960, 510, 596, 0, 0
9.2200, 511, 596, 0, 0
9.2460, 510, 596, 0, 0
9.2700, 511, 596, 0, 0
9.2950, 512, 596, 0, 0
9.3210, 512, 596, 0, 0
9.3450, 512, 596, 0, 0
9.3700, 511, 596, 0, 0
9.3950, 511, 597, 0, 0
9.4200, 510, 598, 0, 0
9.4460, 510, 598, 0, 0
9.4700, 510, 597, 0, 0
9.4950, 510, 598, 0, 0
9.5200, 510, 597, 0, 0
9.5450, 509, 598, 0, 0
9.5690, 509, 598, 0, 0
9.5950, 508, 599, 0, 0
9.6200, 508, 598, 0, 0
9.6450, 508, 599, 0, 0
9.6700, 509, 598, 0, 0
9.6940, 508, 599, 0, 0
9.7200, 509, 599, 0, 0
9.7450, 508, 599, 0, 0
9.7690, 507, 599, 0, 0
9.7950, 506, 600, 0, 0
9.8190, 506, 600, 0, 0
9.8450, 506, 601, 0, 0
9.8700, 505, 600, 0, 0
9.8940, 506, 601, 0, 0
9.9200, 506, 601, 0, 0
9.9440, 506, 602, 0, 0
9.9690, 507, 602, 0, 0
9.9940, 507, 601, 0, 0
10.0190, 507, 602, 0, 0
10.0460, 507, 602, 0, 0
10.0710, 507, 603, 0, 0
10.0970, 506, 603, 0, 0
10.1230, 507, 603, 0, 0
10.1490, 507, 604, 0, 0
10.1760, 508, 603, 0, 0
10.2010, 509, 603, 0, 0
10.2270, 509, 603, 0, 0
10.2540, 509, 603, 0, 0
10.2790, 511, 603, 0, 0
10.3050, 512, 603, 0, 0
10.3310, 513, 602, 0, 0
10.3570, 514, 600, 0, 0
10.3840, 514, 600, 0, 0
10.4090, 514, 600, 0, 0
10.4350, 514, 599, 0, 0
10.4610, 512, 600, 0, 0
10.4870, 512, 599, 0, 0
10.5140, 513, 598, 0, 0
10.5390, 513, 598, 0, 0
10.5650, 513, 597, 0, 0
10.5910, 513, 598, 0, 0
10.6170, 510, 600, 0, 0
10.6440, 510, 600, 0, 0
10.6690, 509, 601, 0, 0
10.6950, 509, 601, 0, 0
10.7210, 511, 599, 0, 0
10.7470, 511, 599, 0, 0
10.7740, 512, 598, 0, 0
10.7990, 513, 598, 0, 0
10.8250, 513, 597, 0, 0
10.8520, 513, 598, 0, 0
10.8770, 513, 597, 0, 0
10.9030, 512, 598, 0, 0
10.9290, 510, 599, 0, 0
10.9550, 509, 599, 0, 0
10.9820, 508, 600, 0, 0
11.0070, 508, 601, 0, 0
11.0330, 508, 601, 0, 0
11.0590, 508, 601, 0, 0
11.0850, 508, 601, 0, 0
11.1120, 508, 600, 0, 0
11.1370, 509, 601, 0, 0
11.1630, 509, 601, 0, 0
11.1890, 510, 601, 0, 0
11.2150, 509, 601, 0, 0
11.2420, 509, 600, 0, 0
11.2670, 510, 600, 0, 0
11.2930, 510, 600, 0, 0
11.3190, 510, 601, 0, 0
11.3450, 510, 600, 0, 0
11.3710, 510, 601, 0, 0
11.3970, 509, 601, 0, 0
11.4230, 509, 601, 0, 0
11.4500, 509, 601, 0, 0
11.4750, 510, 600, 0, 0
11.5010, 510, 600, 0, 0
11.5270, 511, 599, 0, 0
11.5530, 511, 599, 0, 0
11.5800, 512, 598, 0, 0
11.6050, 513, 597, 0, 0
11.6310, 515, 595, 0, 0
11.6570, 517, 593, 0, 0
11.6830, 519, 592, 0, 0
11.7100, 521, 591, 0, 0
11.7350, 522, 591, 0, 0
11.7610, 523, 591, 0, 0
11.7870, 525, 591, 0, 0
11.8130, 526, 590, 0, 0
11.8400, 527, 591, 0, 0
11.8650, 528, 590, 0, 0
11.8910, 529, 590, 0, 0
11.9180, 529, 589, 0, 0
11.9430, 529, 589, 0, 0
11.9690, 529, 591, 0, 0
11.9950, 527, 592, 0, 0
12.0210, 526, 593, 0, 0
12.0480, 523, 594, 0, 0
12.0730, 519, 596, 0, 0
12.0990, 517, 596, 0, 0
12.1250, 515, 597, 0, 0
12.1510, 514, 598, 0, 0
12.1780, 514, 598, 0, 0
12.2030, 512, 599, 0, 0
12.2290, 511, 599, 0, 0
12.2550, 512, 598, 0, 0
12.2810, 512, 598, 0, 0
12.3080, 513, 597, 0, 0
12.3330, 513, 597, 0, 0
12.3590, 513, 598, 0, 0
12.3850, 513, 598, 0, 0
12.4110, 514, 597, 0, 0
12.4380, 515, 597, 0, 0
12.4630, 516, 595, 0, 0
12.4890, 517, 596, 0, 0
12.5160, 514, 598, 0, 0
12.5410, 512, 599, 0, 0
12.5670, 511, 600, 0, 0
12.5930, 511, 599, 0, 0
12.6190, 511, 600, 0, 0
12.6460, 510, 600, 0, 0
12.6710, 509, 600, 0, 0
12.6970, 508, 600, 0, 0
12.7230, 508, 600, 0, 0
12.7490, 509, 600, 0, 0
12.7760, 510, 600, 0, 0
12.8010, 511, 599, 0, 0
12.8270, 512, 600, 0, 0
12.8530, 511, 600, 0, 0
12.8790, 511, 600, 0, 0
12.9060, 510, 600, 0, 0
12.9310, 509, 601, 0, 0
12.9570, 509, 602, 0, 0
12.9830, 509, 601, 0, 0
13.0090, 509, 601, 0, 0
13.0350, 510, 600, 0, 0
13.0610, 511, 599, 0, 0
13.0870, 512, 598, 0, 0
13.1140, 513, 596, 0, 0
13.1390, 514, 595, 0, 0
13.1650, 515, 594, 0, 0
13.1910, 517, 592, 0, 0
13.2170, 518, 591, 0, 0
13.2440, 519, 592, 0, 0
13.2690, 520, 591, 0, 0
13.2950, 520, 592, 0, 0
13.3210, 521, 593, 0, 0
13.3470, 521, 593, 0, 0
13.3740, 521, 593, 0, 0
13.3990, 521, 593, 0, 0
13.4250, 521, 594, 0, 0
13.4510, 521, 595, 0, 0
13.4770, 521, 595, 0, 0
13.5040, 522, 595, 0, 0
13.5290, 522, 596, 0, 0
13.5550, 522, 595, 0, 0
13.5820, 522, 595, 0, 0
13.6070, 521, 596, 0, 0
13.6330, 520, 596, 0, 0
13.6590, 519, 596, 0, 0
13.6850, 516, 597, 0, 0
13.7120, 515, 597, 0, 0
13.7370, 514, 598, 0, 0
13.7630, 512, 599, 0, 0
13.7890, 511, 599, 0, 0
13.8150, 509, 600, 0, 0
13.8420, 507, 601, 0, 0
13.8670, 506, 601, 0, 0
13.8930, 505, 602, 0, 0
13.9190, 504, 602, 0, 0
13.9450, 505, 602, 0, 0
13.9720, 505, 602, 0, 0
13.9970, 504, 602, 0, 0
14.0230, 505, 601, 0, 0
14.0490, 505, 601, 0, 0
14.0750, 503, 602, 0, 0
14.1020, 504, 602, 0, 0
14.1270, 504, 602, 0, 0
14.1530, 505, 601, 0, 0
14.1800, 507, 601, 0, 0
14.2050, 508, 601, 0, 0
14.2310, 508, 601, 0, 0
14.2570, 509, 601, 0, 0
14.2830, 509, 601, 0, 0
14.3100, 509, 601, 0, 0
14.3350, 509, 601, 0, 0
14.3610, 508, 602, 0, 0
14.3870, 507, 602, 0, 0
14.4130, 505, 602, 0, 0
14.4400, 504, 603, 0, 0
14.4650, 504, 603, 0, 0
14.4910, 504, 603, 0, 0
14.5170, 505, 603, 0, 0
14.5430, 506, 603, 0, 0
14.5700, 506, 603, 0, 0
14.5950, 508, 601, 0, 0
14.6210, 510, 599, 0, 0
14.6470, 511, 598, 0, 0
14.6730, 512, 596, 0, 0
14.6990, 513, 597, 0, 0
14.7250, 513, 596, 0, 0
14.7510, 514, 595, 0, 0
14.7780, 514, 595, 0, 0
14.8030, 515, 593, 0, 0
14.8290, 516, 591, 0, 0
14.8550, 516, 590, 0, 0
14.8810, 518, 589, 0, 0
14.9080, 519, 588, 0, 0
14.9330, 520, 585, 0, 0
14.9590, 521, 585, 0, 0
14.9850, 523, 584, 0, 1
15.0110, 523, 583, 0, 1
15.0380, 523, 582, 0, 1
15.0630, 523, 582, 0, 1
15.0890, 523, 581, 0, 1
15.1150, 524, 582, 0, 1
15.1410, 524, 583, 0, 1
15.1680, 524, 583, 0, 1
15.1930, 525, 585, 0, 0
15.2190, 524, 585, 0, 0
15.2460, 525, 586, 0, 0
15.2710, 525, 587, 0, 0
15.2970, 525, 587, 0, 0
15.3230, 525, 587, 0, 0
15.3490, 523, 589, 0, 0
15.3760, 520, 590, 0, 0
15.4010, 518, 591, 0, 0
15.4270, 516, 591, 0, 0
15.4530, 515, 592, 0, 0
15.4790, 514, 593, 0, 0
15.5060, 510, 594, 0, 0
15.5310, 509, 595, 0, 0
15.5570, 508, 596, 0, 0
15.5830, 507, 597, 0, 0
15.6090, 507, 597, 0, 0
15.6360, 506, 598, 0, 0
15.6610, 507, 598, 0, 0
15.6870, 508, 598, 0, 0
15.7130, 510, 598, 0, 0
15.7390, 511, 597, 0, 0
15.7660, 511, 597, 0, 0
15.7910, 511, 598, 0, 0
Trial 3 ended
Down threshold:   f_down_thr = 547
Up threshold:   f_up_thr = 469
Trial 4 started
time, up, down, lbl_up, lbl_down
0.0000, 521, 579, 0, 0
0.0100, 522, 579, 0, 0
0.0360, 522, 578, 0, 0
0.0600, 523, 577, 0, 0
0.0850, 524, 575, 0, 0
0.1100, 524, 574, 0, 0
0.1350, 524, 572, 0, 0
0.1600, 525, 572, 0, 0
0.1850, 526, 571, 0, 0
0.2100, 526, 570, 0, 0
0.2350, 527, 568, 0, 0
0.2600, 528, 565, 0, 0
0.2840, 528, 562, 0, 0
0.3100, 529, 560, 0, 0
0.3350, 531, 558, 0, 0
0.3590, 532, 555, 0, 0
0.3850, 533, 553, 0, 0
0.4090, 534, 552, 0, 0
0.4350, 534, 550, 0, 0
0.4600, 536, 549, 0, 0
0.4840, 536, 548, 0, 0
0.5100, 537, 546, 0, 1
0.5340, 538, 545, 0, 1
0.5590, 539, 543, 0, 1
0.5850, 540, 541, 0, 1
0.6090, 541, 538, 0, 1
0.6350, 542, 536, 0, 1
0.6590, 543, 533, 0, 1
0.6840, 543, 532, 0, 1
0.7090, 544, 531, 0, 1
0.7340, 543, 533, 0, 1
0.7590, 544, 535, 0, 1
0.7840, 544, 538, 0, 1
0.8090, 542, 539, 0, 1
0.8340, 541, 541, 0, 1
0.8590, 539, 543, 0, 1
0.8840, 537, 546, 0, 1
0.9090, 535, 548, 0, 0
0.9340, 534, 549, 0, 0
0.9580, 533, 550, 0, 0
0.9840, 532, 552, 0, 0
1.0080, 531, 553, 0, 0
1.0340, 530, 554, 0, 0
1.0590, 530, 554, 0, 0
1.0830, 529, 555, 0, 0
1.1090, 528, 556, 0, 0
1.1330, 528, 557, 0, 0
1.1580, 528, 557, 0, 0
1.1840, 527, 558, 0, 0
1.2080, 527, 559, 0, 0
1.2340, 527, 560, 0, 0
1.2580, 526, 560, 0, 0
1.2830, 525, 562, 0, 0
1.3080, 525, 562, 0, 0
1.3330, 525, 563, 0, 0
1.3580, 524, 564, 0, 0
1.3830, 525, 565, 0, 0
1.4080, 523, 566, 0, 0
1.4330, 522, 567, 0, 0
1.4580, 522, 569, 0, 0
1.4830, 521, 569, 0, 0
1.5080, 521, 570, 0, 0
1.5330, 520, 571, 0, 0
1.5570, 519, 572, 0, 0
1.5830, 519, 572, 0, 0
1.6070, 519, 573, 0, 0
1.6330, 519, 573, 0, 0
1.6580, 519, 574, 0, 0
1.6820, 517, 575, 0, 0
1.7080, 517, 576, 0, 0
1.7320, 516, 577, 0, 0
1.7570, 516, 579, 0, 0
1.7830, 515, 580, 0, 0
1.8070, 515, 580, 0, 0
1.8330, 516, 581, 0, 0
1.8570, 517, 582, 0, 0
1.8820, 518, 582, 0, 0
1.9080, 518, 583, 0, 0
1.9320, 519, 582, 0, 0
1.9570, 521, 581, 0, 0
1.9820, 523, 580, 0, 0
2.0070, 524, 580, 0, 0
2.0320, 525, 579, 0, 0
2.0570, 526, 578, 0, 0
2.0820, 526, 577, 0, 0
2.1070, 527, 577, 0, 0
2.1320, 528, 575, 0, 0
2.1560, 529, 574, 0, 0
2.1820, 529, 575, 0, 0
2.2070, 530, 574, 0, 0
2.2320, 531, 574, 0, 0
2.2570, 531, 574, 0, 0
2.2810, 532, 574, 0, 0
2.3070, 533, 573, 0, 0
2.3310, 533, 572, 0, 0
2.3560, 534, 570, 0, 0
2.3820, 535, 569, 0, 0
2.4060, 535, 568, 0, 0
2.4320, 535, 568, 0, 0
2.4560, 535, 569, 0, 0
2.4810, 535, 570, 0, 0
2.5070, 534, 571, 0, 0
2.5310, 533, 573, 0, 0
2.5560, 532, 573, 0, 0
2.5810, 531, 574, 0, 0
2.6060, 529, 575, 0, 0
2.6310, 528, 576, 0, 0
2.6560, 528, 576, 0, 0
2.6810, 527, 577, 0, 0
2.7060, 527, 577, 0, 0
2.7310, 525, 577, 0, 0
2.7550, 525, 577, 0, 0
2.7810, 525, 578, 0, 0
2.8060, 524, 578, 0, 0
2.8310, 524, 578, 0, 0
2.8560, 523, 579, 0, 0
2.8800, 523, 579, 0, 0
2.9060, 524, 579, 0, 0
2.9300, 524, 579, 0, 0
2.9550, 525, 579, 0, 0
2.9810, 525, 578, 0, 0
3.0050, 526, 578, 0, 0
3.0310, 526, 577, 0, 0
3.0550, 526, 578, 0, 0
3.0800, 526, 578, 0, 0
3.1060, 526, 577, 0, 0
3.1300, 527, 577, 0, 0
3.1550, 527, 577, 0, 0
3.1800, 528, 577, 0, 0
3.2050, 527, 577, 0, 0
3.2310, 527, 578, 0, 0
3.2550, 527, 578, 0, 0
3.2800, 527, 579, 0, 0
3.3050, 527, 579, 0, 0
3.3300, 527, 579, 0, 0
3.3540, 526, 579, 0, 0
3.3800, 525, 579, 0, 0
3.4050, 525, 579, 0, 0
3.4300, 525, 580, 0, 0
3.4550, 524, 581, 0, 0
3.4790, 524, 580, 0, 0
3.5050, 524, 581, 0, 0
3.5300, 525, 580, 0, 0
3.5540, 525, 581, 0, 0
3.5800, 526, 581, 0, 0
3.6040, 526, 580, 0, 0
3.6300, 527, 581, 0, 0
3.6540, 527, 580, 0, 0
3.6790, 527, 579, 0, 0
3.7050, 527, 579, 0, 0
3.7290, 528, 578, 0, 0
3.7540, 529, 576, 0, 0
3.7790, 529, 575, 0, 0
3.8040, 530, 574, 0, 0
3.8300, 531, 573, 0, 0
3.8540, 531, 571, 0, 0
3.8790, 533, 571, 0, 0
3.9040, 533, 570, 0, 0
3.9290, 534, 568, 0, 0
3.9530, 535, 567, 0, 0
3.9790, 535, 566, 0, 0
4.0040, 536, 565, 0, 0
4.0290, 537, 564, 0, 0
4.0540, 536, 565, 0, 0
4.0780, 536, 566, 0, 0
4.1040, 535, 567, 0, 0
4.1290, 535, 569, 0, 0
4.1530, 534, 570, 0, 0
4.1790, 532, 571, 0, 0
4.2030, 532, 573, 0, 0
4.2290, 531, 573, 0, 0
4.2530, 532, 573, 0, 0
4.2780, 531, 573, 0, 0
4.3040, 531, 573, 0, 0
4.3280, 531, 573, 0, 0
4.3530, 530, 574, 0, 0
4.3780, 529, 574, 0, 0
4.4030, 530, 574, 0, 0
4.4290, 529, 575, 0, 0
4.4530, 528, 575, 0, 0
4.4780, 530, 575, 0, 0
4.5030, 530, 575, 0, 0
4.5280, 530, 575, 0, 0
4.5530, 531, 574, 0, 0
4.5780, 531, 575, 0, 0
4.6030, 531, 574, 0, 0
4.6280, 532, 574, 0, 0
4.6530, 532, 574, 0, 0
4.6770, 532, 574, 0, 0
4.7030, 531, 574, 0, 0
4.7280, 532, 575, 0, 0
4.7520, 531, 575, 0, 0
4.7780, 531, 575, 0, 0
4.8020, 532, 575, 0, 0
4.8280, 532, 575, 0, 0
4.8530, 532, 575, 0, 0
4.8770, 532, 575, 0, 0
4.9030, 532, 575, 0, 0
4.9270, 532, 576, 0, 0
4.9520, 531, 576, 0, 0
4.9770, 529, 578, 0, 0
5.0020, 528, 579, 0, 0
5.0280, 527, 580, 0, 0
5.0520, 526, 581, 0, 0
5.0770, 527, 580, 0, 0
5.1020, 527, 580, 0, 0
5.1270, 529, 580, 0, 0
5.1520, 529, 580, 0, 0
5.1770, 529, 580, 0, 0
5.2020, 530, 580, 0, 0
5.2270, 530, 580, 0, 0
5.2520, 531, 580, 0, 0
5.2760, 530, 580, 0, 0
5.3020, 530, 580, 0, 0
5.3270, 530, 580, 0, 0
5.3510, 530, 581, 0, 0
5.3770, 530, 581, 0, 0
5.4010, 529, 580, 0, 0
5.4270, 530, 580, 0, 0
5.4520, 529, 580, 0, 0
5.4760, 530, 579, 0, 0
5.5020, 531, 579, 0, 0
5.5260, 531, 579, 0, 0
5.5510, 531, 577, 0, 0
5.5770, 532, 575, 0, 0
5.6010, 532, 573, 0, 0
5.6270, 532, 571, 0, 0
5.6510, 533, 568, 0, 0
5.6760, 534, 568, 0, 0
5.7010, 534, 569, 0, 0
5.7260, 534, 569, 0, 0
5.7510, 533, 571, 0, 0
5.7760, 532, 572, 0, 0
5.8010, 531, 573, 0, 0
5.8260, 530, 574, 0, 0
5.8510, 529, 574, 0, 0
5.8760, 528, 575, 0, 0
5.9010, 527, 576, 0, 0
5.9260, 527, 576, 0, 0
5.9500, 526, 576, 0, 0
5.9760, 525, 576, 0, 0
6.0000, 525, 576, 0, 0
6.0260, 525, 576, 0, 0
6.0510, 525, 577, 0, 0
6.0750, 525, 577, 0, 0
6.1010, 525, 577, 0, 0
6.1250, 525, 578, 0, 0
6.1500, 527, 576, 0, 0
6.1760, 527, 577, 0, 0
6.2000, 527, 576, 0, 0
6.2260, 527, 576, 0, 0
6.2500, 527, 577, 0, 0
6.2750, 527, 578, 0, 0
6.3000, 528, 578, 0, 0
6.3250, 528, 578, 0, 0
6.3500, 528, 577, 0, 0
6.3750, 529, 576, 0, 0
6.4000, 529, 577, 0, 0
6.4250, 529, 577, 0, 0
6.4500, 528, 578, 0, 0
6.4750, 528, 578, 0, 0
6.5000, 529, 577, 0, 0
6.5250, 529, 577, 0, 0
6.5490, 528, 577, 0, 0
6.5750, 528, 577, 0, 0
6.5990, 528, 578, 0, 0
6.6250, 527, 578, 0, 0
6.6500, 526, 579, 0, 0
6.6740, 526, 580, 0, 0
6.7000, 526, 581, 0, 0
6.7240, 526, 581, 0, 0
6.7490, 525, 580, 0, 0
6.7750, 525, 581, 0, 0
6.7990, 524, 581, 0, 0
6.8250, 525, 582, 0, 0
6.8490, 525, 582, 0, 0
6.8740, 525, 581, 0, 0
6.9000, 526, 580, 0, 0
6.9240, 527, 580, 0, 0
6.9490, 527, 579, 0, 0
6.9740, 528, 577, 0, 0
6.9990, 528, 574, 0, 0
7.0240, 530, 570, 0, 0
7.0490, 531, 568, 0, 0
7.0740, 532, 564, 0, 0
7.0990, 533, 562, 0, 0
7.1240, 534, 561, 0, 0
7.1480, 534, 561, 0, 0
7.1740, 534, 561, 0, 0
7.1990, 535, 561, 0, 0
7.2240, 535, 560, 0, 0
7.2490, 536, 558, 0, 0
7.2730, 536, 558, 0, 0
7.2990, 536, 559, 0, 0
7.3230, 535, 561, 0, 0
7.3480, 535, 563, 0, 0
7.3740, 534, 564, 0, 0
7.3980, 533, 566, 0, 0
7.4240, 532, 566, 0, 0
7.4480, 531, 568, 0, 0
7.4730, 531, 568, 0, 0
7.4990, 529, 569, 0, 0
7.5230, 529, 569, 0, 0
7.5480, 528, 570, 0, 0
7.5730, 528, 571, 0, 0
7.5980, 527, 572, 0, 0
7.6230, 527, 572, 0, 0
7.6480, 527, 572, 0, 0
7.6730, 527, 573, 0, 0
7.6980, 527, 573, 0, 0
7.7230, 527, 573, 0, 0
7.7470, 527, 573, 0, 0
7.7730, 527, 573, 0, 0
7.7980, 528, 573, 0, 0
7.8230, 528, 573, 0, 0
7.8480, 528, 574, 0, 0
7.8720, 528, 574, 0, 0
7.8980, 528, 575, 0, 0
7.9220, 528, 574, 0, 0
7.9470, 528, 574, 0, 0
7.9730, 529, 573, 0, 0
7.9970, 529, 574, 0, 0
8.0230, 529, 574, 0, 0
8.0470, 529, 574, 0, 0
8.0720, 529, 574, 0, 0
8.0980, 529, 574, 0, 0
8.1220, 529, 574, 0, 0
8.1470, 528, 574, 0, 0
8.1720, 528, 576, 0, 0
8.1970, 527, 577, 0, 0
8.2230, 527, 578, 0, 0
8.2470, 527, 578, 0, 0
8.2720, 528, 578, 0, 0
8.2970, 528, 577, 0, 0
8.3220, 529, 577, 0, 0
8.3460, 529, 577, 0, 0
8.3720, 530, 577, 0, 0
8.3970, 530, 576, 0, 0
8.4220, 530, 576, 0, 0
8.4470, 531, 575, 0, 0
8.4710, 531, 574, 0, 0
8.4970, 532, 573, 0, 0
8.5220, 532, 571, 0, 0
8.5460, 532, 571, 0, 0
8.5720, 532, 570, 0, 0
8.5960, 533, 569, 0, 0
8.6220, 533, 568, 0, 0
8.6460, 533, 567, 0, 0
8.6710, 533, 566, 0, 0
8.6970, 534, 563, 0, 0
8.7210, 534, 563, 0, 0
8.7460, 534, 563, 0, 0
8.7710, 534, 561, 0, 0
8.7960, 535, 560, 0, 0
8.8220, 534, 561, 0, 0
8.8460, 534, 562, 0, 0
8.8710, 533, 563, 0, 0
8.8960, 532, 565, 0, 0
8.9210, 530, 567, 0, 0
8.9450, 528, 568, 0, 0
8.9710, 527, 570, 0, 0
8.9960, 526, 571, 0, 0
9.0210, 525, 572, 0, 0
9.0460, 526, 572, 0, 0
9.0700, 525, 571, 0, 0
9.0960, 525, 572, 0, 0
9.1210, 525, 572, 0, 0
9.1450, 526, 572, 0, 0
9.1710, 526, 573, 0, 0
9.1950, 526, 573, 0, 0
9.2210, 526, 573, 0, 0
9.2450, 527, 573, 0, 0
9.2700, 526, 573, 0, 0
9.2960, 526, 574, 0, 0
9.3200, 527, 573, 0, 0
9.3450, 527, 574, 0, 0
9.3700, 527, 574, 0, 0
9.3950, 526, 574, 0, 0
9.4210, 527, 574, 0, 0
9.4450, 527, 575, 0, 0
9.4700, 527, 574, 0, 0
9.4950, 527, 574, 0, 0
9.5200, 527, 574, 0, 0
9.5450, 528, 574, 0, 0
9.5700, 528, 575, 0, 0
9.5950, 527, 575, 0, 0
9.6200, 527, 575, 0, 0
9.6450, 528, 574, 0, 0
9.6690, 528, 574, 0, 0
9.6950, 528, 575, 0, 0
9.7200, 528, 574, 0, 0
9.7440, 527, 575, 0, 0
9.7700, 527, 575, 0, 0
9.7940, 527, 576, 0, 0
9.8200, 527, 576, 0, 0
9.8450, 526, 577, 0, 0
9.8690, 527, 578, 0, 0
9.8950, 528, 578, 0, 0
9.9190, 528, 577, 0, 0
9.9440, 530, 577, 0, 0
9.9690, 530, 576, 0, 0
9.9940, 530, 576, 0, 0
10.0200, 531, 576, 0, 0
10.0450, 531, 575, 0, 0
10.0710, 531, 573, 0, 0
10.0970, 531, 572, 0, 0
10.1230, 531, 571, 0, 0
10.1490, 531, 571, 0, 0
10.1750, 531, 569, 0, 0
10.2010, 531, 567, 0, 0
10.2280, 530, 566, 0, 0
10.2530, 530, 564, 0, 0
10.2790, 531, 563, 0, 0
10.3050, 532, 562, 0, 0
10.3310, 532, 561, 0, 0
10.3580, 533, 559, 0, 0
10.3830, 534, 556, 0, 0
10.4090, 535, 556, 0, 0
10.4350, 534, 556, 0, 0
10.4610, 534, 556, 0, 0
10.4880, 534, 558, 0, 0
10.5130, 533, 561, 0, 0
10.5390, 532, 563, 0, 0
10.5650, 531, 564, 0, 0
10.5910, 530, 566, 0, 0
10.6180, 529, 567, 0, 0
10.6430, 529, 568, 0, 0
10.6690, 529, 569, 0, 0
10.6950, 529, 569, 0, 0
10.7210, 528, 570, 0, 0
10.7470, 526, 570, 0, 0
10.7730, 527, 571, 0, 0
10.7990, 527, 571, 0, 0
10.8260, 527, 571, 0, 0
10.8510, 527, 572, 0, 0
10.8770, 527, 572, 0, 0
10.9030, 528, 572, 0, 0
10.9290, 528, 572, 0, 0
10.9560, 528, 572, 0, 0
10.9810, 528, 572, 0, 0
11.0070, 528, 573, 0, 0
11.0330, 527, 574, 0, 0
11.0590, 527, 575, 0, 0
11.0860, 527, 575, 0, 0
11.1110, 527, 575, 0, 0
11.1370, 528, 574, 0, 0
11.1630, 528, 575, 0, 0
11.1890, 528, 575, 0, 0
11.2150, 529, 575, 0, 0
11.2410, 529, 575, 0, 0
11.2670, 529, 575, 0, 0
11.2930, 529, 576, 0, 0
11.3190, 529, 575, 0, 0
11.3450, 529, 575, 0, 0
11.3710, 528, 577, 0, 0
11.3970, 528, 577, 0, 0
11.4240, 529, 577, 0, 0
11.4490, 529, 577, 0, 0
11.4750, 528, 577, 0, 0
11.5010, 529, 577, 0, 0
11.5270, 529, 578, 0, 0
11.5540, 530, 577, 0, 0
11.5790, 530, 577, 0, 0
11.6050, 530, 578, 0, 0
11.6310, 531, 577, 0, 0
11.6570, 530, 578, 0, 0
11.6840, 531, 578, 0, 0
11.7090, 530, 577, 0, 0
11.7350, 530, 577, 0, 0
11.7610, 530, 577, 0, 0
11.7870, 530, 576, 0, 0
11.8130, 530, 574, 0, 0
11.8390, 531, 571, 0, 0
11.8650, 532, 568, 0, 0
11.8920, 532, 566, 0, 0
11.9170, 532, 564, 0, 0
11.9430, 533, 561, 0, 0
11.9690, 533, 562, 0, 0
11.9950, 534, 560, 0, 0
12.0220, 534, 558, 0, 0
12.0470, 534, 558, 0, 0
12.0730, 534, 559, 0, 0
12.0990, 534, 559, 0, 0
12.1250, 534, 561, 0, 0
12.1520, 533, 563, 0, 0
12.1770, 532, 564, 0, 0
12.2030, 530, 566, 0, 0
12.2290, 529, 567, 0, 0
12.2550, 528, 569, 0, 0
12.2820, 528, 569, 0, 0
12.3070, 528, 570, 0, 0
12.3330, 528, 570, 0, 0
12.3590, 528, 571, 0, 0
12.3850, 528, 571, 0, 0
12.4110, 528, 571, 0, 0
12.4370, 528, 572, 0, 0
12.4630, 527, 573, 0, 0
12.4900, 527, 574, 0, 0
12.5150, 527, 574, 0, 0
12.5410, 527, 575, 0, 0
12.5670, 527, 575, 0, 0
12.5930, 528, 575, 0, 0
12.6200, 528, 575, 0, 0
12.6450, 528, 574, 0, 0
12.6710, 528, 575, 0, 0
12.6970, 527, 575, 0, 0
12.7230, 528, 575, 0, 0
12.7500, 527, 575, 0, 0
12.7750, 528, 576, 0, 0
12.8010, 528, 574, 0, 0
12.8270, 528, 575, 0, 0
12.8530, 528, 574, 0, 0
12.8790, 527, 575, 0, 0
12.9050, 526, 575, 0, 0
12.9310, 525, 576, 0, 0
12.9570, 523, 577, 0, 0
12.9830, 522, 578, 0, 0
13.0090, 523, 578, 0, 0
13.0350, 523, 578, 0, 0
13.0610, 525, 577, 0, 0
13.0880, 525, 578, 0, 0
13.1130, 526, 579, 0, 0
13.1390, 526, 579, 0, 0
13.1650, 527, 580, 0, 0
13.1910, 527, 580, 0, 0
13.2180, 527, 580, 0, 0
13.2430, 527, 581, 0, 0
13.2690, 526, 581, 0, 0
13.2950, 526, 580, 0, 0
13.3210, 526, 580, 0, 0
13.3480, 525, 579, 0, 0
13.3730, 524, 579, 0, 0
13.3990, 523, 578, 0, 0
13.4250, 522, 578, 0, 0
13.4510, 521, 578, 0, 0
13.4770, 519, 576, 0, 0
13.5030, 519, 576, 0, 0
13.5290, 519, 575, 0, 0
13.5560, 519, 573, 0, 0
13.5810, 520, 572, 0, 0
13.6070, 520, 571, 0, 0
13.6330, 521, 570, 0, 0
13.6590, 522, 569, 0, 0
13.6860, 523, 568, 0, 0
13.7110, 524, 567, 0, 0
13.7370, 525, 567, 0, 0
13.7630, 525, 567, 0, 0
13.7890, 526, 568, 0, 0
13.8160, 525, 570, 0, 0
13.8410, 525, 570, 0, 0
13.8670, 525, 569, 0, 0
13.8930, 525, 569, 0, 0
13.9190, 526, 569, 0, 0
13.9460, 527, 567, 0, 0
13.9710, 527, 567, 0, 0
13.9970, 527, 568, 0, 0
14.0230, 527, 568, 0, 0
14.0490, 527, 569, 0, 0
14.0750, 527, 570, 0, 0
14.1010, 528, 570, 0, 0
14.1270, 528, 570, 0, 0
14.1540, 528, 570, 0, 0
14.1790, 528, 569, 0, 0
14.2050, 529, 569, 0, 0
14.2310, 529, 569, 0, 0
14.2570, 529, 570, 0, 0
14.2840, 529, 571, 0, 0
14.3090, 528, 571, 0, 0
14.3350, 529, 571, 0, 0
14.3610, 529, 572, 0, 0
14.3870, 529, 571, 0, 0
14.4140, 529, 572, 0, 0
14.4390, 528, 571, 0, 0
14.4650, 529, 572, 0, 0
14.4910, 529, 572, 0, 0
14.5170, 528, 572, 0, 0
14.5430, 528, 573, 0, 0
14.5690, 528, 573, 0, 0
14.5950, 528, 574, 0, 0
14.6210, 528, 574, 0, 0
14.6470, 528, 574, 0, 0
14.6730, 528, 574, 0, 0
14.6990, 528, 575, 0, 0
14.7250, 529, 575, 0, 0
14.7520, 529, 576, 0, 0
14.7770, 529, 577, 0, 0
14.8030, 530, 577, 0, 0
14.8290, 529, 577, 0, 0
14.8550, 529, 578, 0, 0
14.8820, 528, 578, 0, 0
14.9070, 527, 579, 0, 0
14.9330, 526, 579, 0, 0
14.9590, 524, 579, 0, 0
14.9850, 521, 579, 0, 0
15.0120, 519, 580, 0, 0
15.0370, 517, 580, 0, 0
15.0630, 517, 579, 0, 0
15.0890, 516, 579, 0, 0
15.1150, 516, 578, 0, 0
15.1410, 517, 576, 0, 0
15.1670, 519, 574, 0, 0
15.1930, 520, 572, 0, 0
15.2200, 521, 571, 0, 0
15.2450, 523, 572, 0, 0
15.2710, 523, 571, 0, 0
15.2970, 525, 569, 0, 0
15.3230, 526, 567, 0, 0
15.3500, 528, 566, 0, 0
15.3750, 528, 565, 0, 0
15.4010, 528, 565, 0, 0
15.4270, 528, 566, 0, 0
15.4530, 528, 568, 0, 0
15.4800, 528, 569, 0, 0
15.5050, 527, 571, 0, 0
15.5310, 526, 571, 0, 0
15.5570, 525, 572, 0, 0
15.5830, 523, 573, 0, 0
15.6100, 522, 574, 0, 0
15.6350, 520, 575, 0, 0
15.6610, 519, 576, 0, 0
15.6870, 518, 577, 0, 0
15.7130, 517, 577, 0, 0
15.7390, 516, 578, 0, 0
15.7650, 516, 578, 0, 0
15.7910, 515, 578, 0, 0
15.8180, 513, 580, 0, 0
15.8430, 512, 580, 0, 0
15.8690, 512, 580, 0, 0
Trial 4 ended
Trial 5 started
time, up, down, lbl_up, lbl_down
0.0000, 523, 571, 0, 0
0.0100, 523, 571, 0, 0
0.0350, 523, 571, 0, 0
0.0610, 523, 570, 0, 0
0.0850, 524, 570, 0, 0
0.1110, 523, 570, 0, 0
0.1350, 523, 570, 0, 0
0.1600, 523, 569, 0, 0
0.1860, 523, 569, 0, 0
0.2100, 523, 569, 0, 0
0.2350, 523, 569, 0, 0
0.2600, 523, 569, 0, 0
0.2850, 523, 569, 0, 0
0.3100, 522, 569, 0, 0
0.3350, 522, 569, 0, 0
0.3600, 523, 569, 0, 0
0.3850, 523, 567, 0, 0
0.4100, 524, 566, 0, 0
0.4340, 524, 565, 0, 0
0.4600, 525, 564, 0, 0
0.4850, 526, 563, 0, 0
0.5100, 527, 561, 0, 0
0.5350, 528, 561, 0, 0
0.5590, 529, 560, 0, 0
0.5850, 529, 560, 0, 0
0.6090, 529, 561, 0, 0
0.6340, 528, 562, 0, 0
0.6600, 528, 563, 0, 0
0.6840, 527, 563, 0, 0
0.7100, 526, 564, 0, 0
0.7340, 525, 565, 0, 0
0.7590, 523, 566, 0, 0
0.7850, 523, 567, 0, 0
0.8090, 523, 568, 0, 0
0.8340, 521, 569, 0, 0
0.8590, 521, 569, 0, 0
0.8840, 521, 569, 0, 0
0.9100, 521, 570, 0, 0
0.9340, 520, 570, 0, 0
0.9590, 520, 571, 0, 0
0.9840, 521, 570, 0, 0
1.0090, 521, 571, 0, 0
1.0330, 521, 571, 0, 0
1.0590, 521, 571, 0, 0
1.0840, 521, 571, 0, 0
1.1090, 521, 571, 0, 0
1.1340, 521, 571, 0, 0
1.1580, 522, 572, 0, 0
1.1840, 522, 572, 0, 0
1.2090, 522, 572, 0, 0
1.2330, 522, 572, 0, 0
1.2590, 522, 572, 0, 0
1.2830, 522, 572, 0, 0
1.3090, 522, 572, 0, 0
1.3330, 522, 572, 0, 0
1.3580, 522, 573, 0, 0
1.3840, 521, 573, 0, 0
1.4080, 519, 573, 0, 0
1.4330, 519, 574, 0, 0
1.4580, 518, 574, 0, 0
1.4830, 518, 575, 0, 0
1.5090, 517, 575, 0, 0
1.5330, 517, 574, 0, 0
1.5580, 517, 575, 0, 0
1.5830, 517, 575, 0, 0
1.6080, 517, 575, 0, 0
1.6320, 517, 575, 0, 0
1.6580, 517, 574, 0, 0
1.6830, 518, 575, 0, 0
1.7080, 518, 574, 0, 0
1.7330, 518, 575, 0, 0
1.7570, 519, 574, 0, 0
1.7830, 519, 574, 0, 0
1.8080, 520, 573, 0, 0
1.8320, 520, 573, 0, 0
1.8580, 520, 572, 0, 0
1.8820, 520, 572, 0, 0
1.9080, 521, 572, 0, 0
1.9320, 521, 570, 0, 0
1.9570, 522, 569, 0, 0
1.9830, 523, 569, 0, 0
2.0070, 523, 568, 0, 0
2.0320, 524, 567, 0, 0
2.0570, 525, 566, 0, 0
2.0820, 526, 566, 0, 0
2.1080, 527, 565, 0, 0
2.1320, 527, 564, 0, 0
2.1570, 527, 564, 0, 0
2.1820, 527, 564, 0, 0
2.2070, 527, 565, 0, 0
2.2310, 526, 566, 0, 0
2.2570, 525, 567, 0, 0
2.2820, 524, 568, 0, 0
2.3070, 523, 568, 0, 0
2.3320, 523, 569, 0, 0
2.3560, 522, 569, 0, 0
2.3820, 520, 570, 0, 0
2.4070, 519, 570, 0, 0
2.4310, 518, 571, 0, 0
2.4570, 517, 572, 0, 0
2.4810, 516, 572, 0, 0
2.5070, 516, 572, 0, 0
2.5320, 517, 572, 0, 0
2.5560, 516, 572, 0, 0
2.5820, 516, 573, 0, 0
2.6060, 517, 572, 0, 0
2.6310, 518, 573, 0, 0
2.6560, 518, 573, 0, 0
2.6810, 519, 573, 0, 0
2.7070, 519, 572, 0, 0
2.7310, 519, 573, 0, 0
2.7560, 519, 574, 0, 0
2.7810, 519, 573, 0, 0
2.8060, 519, 575, 0, 0
2.8310, 519, 575, 0, 0
2.8560, 518, 575, 0, 0
2.8810, 518, 575, 0, 0
2.9060, 517, 575, 0, 0
2.9310, 516, 576, 0, 0
2.9550, 516, 576, 0, 0
2.9810, 515, 577, 0, 0
3.0060, 515, 577, 0, 0
3.0300, 515, 577, 0, 0
3.0560, 515, 577, 0, 0
3.0800, 516, 577, 0, 0
3.1060, 516, 577, 0, 0
3.1310, 517, 577, 0, 0
3.1550, 517, 577, 0, 0
3.1810, 518, 576, 0, 0
3.2050, 518, 576, 0, 0
3.2300, 519, 576, 0, 0
3.2550, 519, 575, 0, 0
3.2800, 520, 574, 0, 0
3.3060, 520, 574, 0, 0
3.3300, 520, 574, 0, 0
3.3550, 521, 573, 0, 0
3.3800, 521, 573, 0, 0
3.4050, 521, 572, 0, 0
3.4300, 521, 572, 0, 0
3.4550, 522, 571, 0, 0
3.4800, 523, 571, 0, 0
3.5050, 524, 570, 0, 0
3.5300, 524, 570, 0, 0
3.5540, 525, 569, 0, 0
3.5800, 526, 568, 0, 0
3.6050, 526, 568, 0, 0
3.6290, 526, 568, 0, 0
3.6550, 527, 568, 0, 0
3.6790, 526, 568, 0, 0
3.7050, 526, 569, 0, 0
3.7300, 525, 570, 0, 0
3.7540, 524, 571, 0, 0
3.7800, 524, 571, 0, 0
3.8040, 523, 572, 0, 0
3.8290, 523, 572, 0, 0
3.8550, 523, 573, 0, 0
3.8790, 523, 573, 0, 0
3.9050, 522, 573, 0, 0
3.9290, 521, 574, 0, 0
3.9540, 522, 574, 0, 0
3.9790, 521, 575, 0, 0
4.0040, 520, 575, 0, 0
4.0290, 520, 575, 0, 0
4.0540, 520, 575, 0, 0
4.0790, 519, 576, 0, 0
4.1040, 519, 576, 0, 0
4.1290, 519, 576, 0, 0
4.1540, 520, 576, 0, 0
4.1790, 521, 576, 0, 0
4.2040, 521, 576, 0, 0
4.2280, 521, 576, 0, 0
4.2540, 521, 576, 0, 0
4.2780, 521, 576, 0, 0
4.3040, 521, 576, 0, 0
4.3290, 522, 576, 0, 0
4.3530, 521, 576, 0, 0
4.3790, 522, 576, 0, 0
4.4030, 522, 575, 0, 0
4.4280, 522, 576, 0, 0
4.4540, 522, 577, 0, 0
4.4780, 522, 577, 0, 0
4.5040, 522, 577, 0, 0
4.5280, 521, 577, 0, 0
4.5530, 520, 578, 0, 0
4.5780, 520, 578, 0, 0
4.6030, 520, 578, 0, 0
4.6280, 520, 578, 0, 0
4.6530, 520, 579, 0, 0
4.6780, 520, 579, 0, 0
4.7030, 521, 578, 0, 0
4.7280, 521, 579, 0, 0
4.7530, 522, 578, 0, 0
4.7780, 522, 578, 0, 0
4.8030, 522, 578, 0, 0
4.8270, 522, 578, 0, 0
4.8530, 523, 577, 0, 0
4.8780, 523, 578, 0, 0
4.9030, 523, 577, 0, 0
4.9280, 524, 577, 0, 0
4.9520, 524, 576, 0, 0
4.9780, 524, 576, 0, 0
5.0020, 524, 576, 0, 0
5.0270, 524, 575, 0, 0
5.0530, 524, 575, 0, 0
5.0770, 524, 574, 0, 0
5.1030, 525, 574, 0, 0
5.1270, 525, 573, 0, 0
5.1520, 526, 572, 0, 0
5.1780, 527, 572, 0, 0
5.2020, 527, 570, 0, 0
5.2270, 528, 569, 0, 0
5.2520, 528, 568, 0, 0
5.2770, 529, 567, 0, 0
5.3020, 529, 567, 0, 0
5.3270, 528, 569, 0, 0
5.3520, 528, 569, 0, 0
5.3770, 527, 569, 0, 0
5.4020, 526, 570, 0, 0
5.4260, 527, 571, 0, 0
5.4520, 526, 571, 0, 0
5.4770, 525, 571, 0, 0
5.5020, 524, 572, 0, 0
5.5270, 523, 572, 0, 0
5.5510, 521, 573, 0, 0
5.5770, 520, 573, 0, 0
5.6010, 520, 574, 0, 0
5.6260, 519, 574, 0, 0
5.6520, 519, 574, 0, 0
5.6760, 517, 574, 0, 0
5.7020, 517, 575, 0, 0
5.7260, 517, 575, 0, 0
5.7510, 518, 574, 0, 0
5.7770, 518, 575, 0, 0
5.8010, 518, 575, 0, 0
5.8260, 518, 575, 0, 0
5.8510, 518, 576, 0, 0
5.8760, 519, 576, 0, 0
5.9020, 520, 575, 0, 0
5.9260, 520, 575, 0, 0
5.9510, 520, 576, 0, 0
5.9760, 520, 576, 0, 0
6.0010, 520, 576, 0, 0
6.0250, 520, 576, 0, 0
6.0510, 520, 576, 0, 0
6.0760, 520, 576, 0, 0
6.1010, 520, 576, 0, 0
6.1260, 520, 576, 0, 0
6.1500, 519, 576, 0, 0
6.1760, 519, 577, 0, 0
6.2010, 518, 577, 0, 0
6.2250, 517, 577, 0, 0
6.2510, 517, 578, 0, 0
6.2750, 517, 578, 0, 0
6.3010, 517, 579, 0, 0
6.3250, 518, 579, 0, 0
6.3500, 519, 578, 0, 0
6.3760, 520, 578, 0, 0
6.4000, 519, 579, 0, 0
6.4250, 520, 578, 0, 0
6.4500, 520, 578, 0, 0
6.4750, 520, 579, 0, 0
6.5010, 520, 578, 0, 0
6.5250, 520, 578, 0, 0
6.5500, 520, 578, 0, 0
6.5750, 519, 578, 0, 0
6.6000, 519, 578, 0, 0
6.6240, 519, 577, 0, 0
6.6500, 520, 577, 0, 0
6.6750, 520, 576, 0, 0
6.7000, 521, 575, 0, 0
6.7250, 522, 574, 0, 0
6.7490, 523, 574, 0, 0
6.7750, 523, 573, 0, 0
6.8000, 523, 572, 0, 0
6.8240, 523, 571, 0, 0
6.8500, 524, 571, 0, 0
6.8740, 524, 571, 0, 0
6.9000, 524, 571, 0, 0
6.9240, 524, 572, 0, 0
6.9490, 523, 572, 0, 0
6.9750, 522, 573, 0, 0
6.9990, 521, 574, 0, 0
7.0240, 521, 574, 0, 0
7.0490, 521, 574, 0, 0
7.0740, 520, 574, 0, 0
7.1000, 519, 574, 0, 0
7.1240, 518, 575, 0, 0
7.1490, 519, 575, 0, 0
7.1740, 519, 575, 0, 0
7.1990, 519, 575, 0, 0
7.2230, 520, 574, 0, 0
7.2490, 520, 574, 0, 0
7.2740, 520, 574, 0, 0
7.2990, 521, 574, 0, 0
7.3240, 521, 575, 0, 0
7.3480, 521, 575, 0, 0
7.3740, 520, 575, 0, 0
7.3990, 521, 575, 0, 0
7.4230, 521, 575, 0, 0
7.4490, 521, 574, 0, 0
7.4730, 522, 574, 0, 0
7.4990, 522, 574, 0, 0
7.5240, 523, 574, 0, 0
7.5480, 523, 574, 0, 0
7.5740, 523, 575, 0, 0
7.5980, 523, 575, 0, 0
7.6230, 523, 575, 0, 0
7.6480, 523, 576, 0, 0
7.6730, 523, 576, 0, 0
7.6990, 523, 575, 0, 0
7.7230, 523, 575, 0, 0
7.7480, 523, 576, 0, 0
7.7730, 523, 576, 0, 0
7.7980, 522, 577, 0, 0
7.8230, 522, 577, 0, 0
7.8480, 522, 578, 0, 0
7.8730, 522, 578, 0, 0
7.8980, 522, 578, 0, 0
7.9230, 522, 578, 0, 0
7.9470, 522, 579, 0, 0
7.9730, 522, 578, 0, 0
7.9980, 522, 578, 0, 0
8.0220, 522, 578, 0, 0
8.0480, 522, 578, 0, 0
8.0720, 521, 578, 0, 0
8.0980, 521, 577, 0, 0
8.1230, 521, 577, 0, 0
8.1470, 520, 577, 0, 0
8.1730, 521, 577, 0, 0
8.1970, 521, 576, 0, 0
8.2220, 521, 576, 0, 0
8.2470, 521, 575, 0, 0
8.2720, 521, 574, 0, 0
8.2980, 522, 573, 0, 0
8.3220, 522, 571, 0, 0
8.3470, 523, 570, 0, 0
8.3720, 524, 569, 0, 0
8.3970, 525, 567, 0, 0
8.4220, 526, 566, 0, 0
8.4470, 526, 565, 0, 0
8.4720, 527, 564, 0, 0
8.4970, 527, 564, 0, 0
8.5220, 527, 565, 0, 0
8.5460, 527, 566, 0, 0
8.5720, 526, 568, 0, 0
8.5970, 525, 568, 0, 0
8.6210, 524, 569, 0, 0
8.6470, 524, 570, 0, 0
8.6710, 524, 569, 0, 0
8.6970, 524, 569, 0, 0
8.7220, 524, 569, 0, 0
8.7460, 525, 569, 0, 0
8.7720, 524, 569, 0, 0
8.7960, 523, 570, 0, 0
8.8210, 523, 571, 0, 0
8.8470, 523, 571, 0, 0
8.8710, 523, 572, 0, 0
8.8970, 523, 572, 0, 0
8.9210, 523, 572, 0, 0
8.9460, 522, 572, 0, 0
8.9710, 523, 573, 0, 0
8.9960, 523, 573, 0, 0
9.0210, 522, 573, 0, 0
9.0460, 523, 574, 0, 0
9.0710, 524, 573, 0, 0
9.0960, 524, 573, 0, 0
9.1210, 523, 574, 0, 0
9.1460, 524, 573, 0, 0
9.1710, 523, 574, 0, 0
9.1960, 524, 574, 0, 0
9.2200, 524, 574, 0, 0
9.2460, 525, 574, 0, 0
9.2700, 525, 574, 0, 0
9.2960, 526, 574, 0, 0
9.3210, 525, 574, 0, 0
9.3450, 526, 574, 0, 0
9.3710, 525, 575, 0, 0
9.3950, 525, 575, 0, 0
9.4200, 524, 576, 0, 0
9.4460, 523, 577, 0, 0
9.4700, 523, 578, 0, 0
9.4960, 523, 577, 0, 0
9.5200, 524, 578, 0, 0
9.5450, 524, 578, 0, 0
9.5700, 524, 578, 0, 0
9.5950, 525, 578, 0, 0
9.6200, 526, 578, 0, 0
9.6450, 526, 578, 0, 0
9.6700, 526, 578, 0, 0
9.6950, 526, 578, 0, 0
9.7200, 526, 577, 0, 0
9.7450, 526, 577, 0, 0
9.7700, 525, 576, 0, 0
9.7950, 525, 575, 0, 0
9.8190, 525, 575, 0, 0
9.8450, 525, 575, 0, 0
9.8700, 525, 574, 0, 0
9.8950, 526, 574, 0, 0
9.9200, 525, 574, 0, 0
9.9440, 526, 574, 0, 0
9.9700, 526, 573, 0, 0
9.9940, 526, 573, 0, 0
10.0190, 526, 572, 0, 0
10.0460, 526, 572, 0, 0
10.0710, 527, 572, 0, 0
10.0980, 528, 570, 0, 0
10.1230, 528, 570, 0, 0
10.1490, 528, 569, 0, 0
10.1760, 527, 570, 0, 0
10.2010, 527, 570, 0, 0
10.2280, 526, 571, 0, 0
10.2540, 523, 570, 0, 0
10.2790, 518, 572, 0, 0
10.3060, 515, 573, 0, 0
10.3310, 513, 573, 0, 0
10.3570, 512, 574, 0, 0
10.3840, 512, 575, 0, 0
10.4090, 512, 575, 0, 0
10.4360, 511, 575, 0, 0
10.4610, 511, 575, 0, 0
10.4870, 511, 575, 0, 0
10.5140, 511, 576, 0, 0
10.5390, 511, 576, 0, 0
10.5660, 511, 575, 0, 0
10.5910, 511, 576, 0, 0
10.6170, 510, 576, 0, 0
10.6440, 511, 576, 0, 0
10.6690, 512, 576, 0, 0
10.6960, 513, 577, 0, 0
10.7210, 514, 576, 0, 0
10.7470, 515, 576, 0, 0
10.7740, 516, 576, 0, 0
10.7990, 516, 576, 0, 0
10.8250, 518, 576, 0, 0
10.8520, 518, 576, 0, 0
10.8770, 518, 576, 0, 0
10.9040, 517, 577, 0, 0
10.9290, 517, 578, 0, 0
10.9550, 517, 579, 0, 0
10.9820, 516, 578, 0, 0
11.0070, 517, 578, 0, 0
11.0340, 517, 579, 0, 0
11.0590, 518, 579, 0, 0
11.0850, 518, 579, 0, 0
11.1120, 519, 579, 0, 0
11.1370, 519, 578, 0, 0
11.1640, 521, 577, 0, 0
11.1890, 521, 576, 0, 0
11.2150, 521, 575, 0, 0
11.2420, 522, 575, 0, 0
11.2670, 522, 576, 0, 0
11.2940, 522, 575, 0, 0
11.3190, 522, 575, 0, 0
11.3450, 521, 574, 0, 0
11.3720, 522, 573, 0, 0
11.3970, 522, 571, 0, 0
11.4230, 523, 570, 0, 0
11.4500, 523, 568, 0, 0
11.4750, 524, 566, 0, 0
11.5020, 525, 565, 0, 0
11.5270, 526, 563, 0, 0
11.5530, 527, 562, 0, 0
11.5800, 527, 561, 0, 0
11.6050, 528, 559, 0, 0
11.6320, 529, 559, 0, 0
11.6570, 529, 559, 0, 0
11.6830, 528, 560, 0, 0
11.7100, 529, 562, 0, 0
11.7350, 528, 563, 0, 0
11.7620, 527, 564, 0, 0
11.7870, 526, 565, 0, 0
11.8130, 525, 566, 0, 0
11.8400, 525, 566, 0, 0
11.8650, 526, 566, 0, 0
11.8920, 525, 566, 0, 0
11.9180, 525, 566, 0, 0
11.9430, 525, 566, 0, 0
11.9700, 524, 567, 0, 0
11.9950, 523, 568, 0, 0
12.0210, 522, 569, 0, 0
12.0480, 522, 570, 0, 0
12.0730, 521, 570, 0, 0
12.1000, 521, 571, 0, 0
12.1250, 521, 572, 0, 0
12.1510, 521, 572, 0, 0
12.1780, 521, 573, 0, 0
12.2030, 522, 572, 0, 0
12.2300, 522, 572, 0, 0
12.2550, 522, 573, 0, 0
12.2810, 522, 572, 0, 0
12.3080, 522, 573, 0, 0
12.3330, 521, 574, 0, 0
12.3600, 521, 574, 0, 0
12.3850, 523, 573, 0, 0
12.4110, 523, 573, 0, 0
12.4380, 523, 573, 0, 0
12.4630, 524, 573, 0, 0
12.4890, 524, 573, 0, 0
12.5160, 523, 574, 0, 0
12.5410, 523, 575, 0, 0
12.5680, 523, 575, 0, 0
12.5930, 523, 574, 0, 0
12.6190, 523, 575, 0, 0
12.6460, 524, 575, 0, 0
12.6710, 524, 576, 0, 0
12.6980, 524, 576, 0, 0
12.7230, 525, 576, 0, 0
12.7490, 525, 575, 0, 0
12.7760, 526, 575, 0, 0
12.8010, 526, 574, 0, 0
12.8280, 527, 573, 0, 0
12.8530, 527, 572, 0, 0
12.8790, 527, 571, 0, 0
12.9060, 527, 571, 0, 0
12.9310, 527, 570, 0, 0
12.9580, 527, 570, 0, 0
12.9830, 527, 567, 0, 0
13.0090, 528, 564, 0, 0
13.0360, 527, 563, 0, 0
13.0610, 528, 562, 0, 0
13.0870, 528, 561, 0, 0
13.1140, 529, 563, 0, 0
13.1390, 528, 561, 0, 0
13.1660, 529, 560, 0, 0
13.1910, 530, 559, 0, 0
13.2170, 530, 556, 0, 0
13.2440, 531, 555, 0, 0
13.2690, 532, 555, 0, 0
13.2960, 532, 556, 0, 0
13.3210, 531, 556, 0, 0
13.3470, 531, 558, 0, 0
13.3740, 530, 559, 0, 0
13.3990, 529, 561, 0, 0
13.4260, 528, 562, 0, 0
13.4510, 527, 562, 0, 0
13.4770, 526, 564, 0, 0
13.5040, 525, 564, 0, 0
13.5290, 525, 565, 0, 0
13.5560, 525, 565, 0, 0
13.5820, 524, 566, 0, 0
13.6070, 523, 567, 0, 0
13.6340, 522, 568, 0, 0
13.6590, 521, 569, 0, 0
13.6850, 520, 571, 0, 0
13.7120, 521, 571, 0, 0
13.7370, 522, 571, 0, 0
13.7640, 522, 571, 0, 0
13.7890, 523, 571, 0, 0
13.8150, 523, 572, 0, 0
13.8420, 523, 572, 0, 0
13.8670, 522, 573, 0, 0
13.8940, 522, 573, 0, 0
13.9190, 522, 574, 0, 0
13.9450, 523, 573, 0, 0
13.9720, 523, 574, 0, 0
13.9970, 523, 573, 0, 0
14.0240, 523, 573, 0, 0
14.0490, 522, 574, 0, 0
14.0750, 520, 575, 0, 0
14.1020, 520, 575, 0, 0
14.1270, 520, 576, 0, 0
14.1530, 520, 576, 0, 0
14.1800, 521, 576, 0, 0
14.2050, 522, 576, 0, 0
14.2320, 522, 576, 0, 0
14.2570, 523, 576, 0, 0
14.2830, 524, 575, 0, 0
14.3100, 524, 574, 0, 0
14.3350, 525, 573, 0, 0
14.3620, 525, 573, 0, 0
14.3870, 525, 573, 0, 0
14.4130, 525, 574, 0, 0
14.4400, 524, 574, 0, 0
14.4650, 524, 575, 0, 0
14.4920, 524, 575, 0, 0
14.5170, 525, 575, 0, 0
14.5430, 524, 573, 0, 0
14.5700, 524, 571, 0, 0
14.5950, 525, 569, 0, 0
14.6220, 526, 568, 0, 0
14.6470, 526, 566, 0, 0
14.6730, 527, 564, 0, 0
14.7000, 528, 564, 0, 0
14.7250, 528, 562, 0, 0
14.7510, 529, 561, 0, 0
14.7780, 530, 560, 0, 0
14.8030, 530, 561, 0, 0
14.8300, 530, 561, 0, 0
14.8550, 530, 562, 0, 0
14.8810, 529, 564, 0, 0
14.9080, 529, 565, 0, 0
14.9330, 528, 566, 0, 0
14.9600, 526, 567, 0, 0
14.9850, 524, 568, 0, 0
15.0110, 523, 569, 0, 0
15.0380, 522, 570, 0, 0
15.0630, 522, 570, 0, 0
15.0900, 522, 570, 0, 0
15.1150, 522, 572, 0, 0
15.1410, 521, 572, 0, 0
15.1680, 520, 573, 0, 0
15.1930, 519, 573, 0, 0
15.2200, 520, 573, 0, 0
15.2460, 520, 573, 0, 0
15.2710, 520, 573, 0, 0
Trial 5 ended
Trial 6 started
time, up, down, lbl_up, lbl_down
0.0000, 512, 571, 0, 0
0.0100, 512, 572, 0, 0
0.0350, 513, 572, 0, 0
0.0600, 512, 570, 0, 0
0.0850, 513, 569, 0, 0
0.1100, 513, 569, 0, 0
0.1350, 514, 568, 0, 0
0.1600, 513, 568, 0, 0
0.1850, 513, 567, 0, 0
0.2100, 514, 566, 0, 0
0.2340, 514, 564, 0, 0
0.2600, 515, 564, 0, 0
0.2840, 516, 562, 0, 0
0.3100, 516, 562, 0, 0
0.3350, 516, 562, 0, 0
0.3590, 517, 561, 0, 0
0.3850, 518, 560, 0, 0
0.4090, 518, 559, 0, 0
0.4340, 518, 558, 0, 0
0.4600, 519, 558, 0, 0
0.4840, 519, 557, 0, 0
0.5100, 520, 557, 0, 0
0.5340, 521, 557, 0, 0
0.5590, 523, 555, 0, 0
0.5840, 524, 554, 0, 0
0.6090, 525, 554, 0, 0
0.6340, 525, 555, 0, 0
0.6590, 525, 556, 0, 0
0.6840, 524, 557, 0, 0
0.7090, 524, 558, 0, 0
0.7340, 523, 560, 0, 0
0.7590, 522, 560, 0, 0
0.7840, 521, 562, 0, 0
0.8090, 520, 563, 0, 0
0.8330, 518, 563, 0, 0
0.8590, 518, 564, 0, 0
0.8830, 517, 565, 0, 0
0.9090, 516, 566, 0, 0
0.9340, 516, 566, 0, 0
0.9580, 516, 567, 0, 0
0.9840, 516, 566, 0, 0
1.0080, 517, 567, 0, 0
1.0330, 518, 567, 0, 0
1.0590, 518, 567, 0, 0
1.0830, 518, 567, 0, 0
1.1090, 518, 567, 0, 0
1.1330, 518, 567, 0, 0
1.1580, 519, 566, 0, 0
1.1840, 519, 566, 0, 0
1.2080, 519, 566, 0, 0
1.2330, 520, 566, 0, 0
1.2580, 520, 566, 0, 0
1.2830, 520, 566, 0, 0
1.3080, 519, 566, 0, 0
1.3330, 519, 567, 0, 0
1.3580, 519, 567, 0, 0
1.3830, 518, 567, 0, 0
1.4080, 517, 568, 0, 0
1.4320, 517, 568, 0, 0
1.4580, 516, 569, 0, 0
1.4830, 516, 569, 0, 0
1.5080, 514, 570, 0, 0
1.5330, 514, 570, 0, 0
1.5570, 514, 570, 0, 0
1.5830, 515, 570, 0, 0
1.6070, 516, 570, 0, 0
1.6320, 516, 570, 0, 0
1.6580, 517, 570, 0, 0
1.6820, 517, 570, 0, 0
1.7080, 518, 570, 0, 0
1.7320, 518, 569, 0, 0
1.7570, 518, 569, 0, 0
1.7830, 518, 569, 0, 0
1.8070, 518, 569, 0, 0
1.8320, 518, 568, 0, 0
1.8570, 518, 569, 0, 0
1.8820, 518, 569, 0, 0
1.9070, 519, 569, 0, 0
1.9320, 518, 569, 0, 0
1.9570, 518, 569, 0, 0
1.9820, 519, 569, 0, 0
2.0070, 519, 568, 0, 0
2.0310, 520, 567, 0, 0
2.0570, 521, 566, 0, 0
2.0820, 521, 565, 0, 0
2.1070, 522, 565, 0, 0
2.1320, 523, 564, 0, 0
2.1560, 523, 564, 0, 0
2.1820, 522, 564, 0, 0
2.2060, 521, 565, 0, 0
2.2310, 521, 565, 0, 0
2.2570, 520, 567, 0, 0
2.2810, 519, 567, 0, 0
2.3070, 519, 567, 0, 0
2.3310, 519, 568, 0, 0
2.3560, 519, 568, 0, 0
2.3820, 519, 568, 0, 0
2.4060, 519, 569, 0, 0
2.4310, 518, 569, 0, 0
2.4560, 517, 570, 0, 0
2.4810, 517, 570, 0, 0
2.5070, 516, 571, 0, 0
2.5310, 516, 571, 0, 0
2.5560, 517, 571, 0, 0
2.5810, 517, 571, 0, 0
2.6060, 517, 571, 0, 0
2.6300, 517, 571, 0, 0
2.6560, 518, 571, 0, 0
2.6810, 518, 571, 0, 0
2.7060, 519, 571, 0, 0
2.7310, 519, 571, 0, 0
2.7550, 519, 571, 0, 0
2.7810, 519, 571, 0, 0
2.8060, 518, 572, 0, 0
2.8300, 517, 573, 0, 0
2.8560, 517, 573, 0, 0
2.8800, 517, 573, 0, 0
2.9060, 518, 573, 0, 0
2.9300, 519, 572, 0, 0
2.9550, 519, 572, 0, 0
2.9810, 519, 573, 0, 0
3.0050, 519, 572, 0, 0
3.0300, 519, 574, 0, 0
3.0550, 519, 573, 0, 0
3.0800, 519, 573, 0, 0
3.1060, 519, 573, 0, 0
3.1300, 519, 572, 0, 0
3.1550, 519, 572, 0, 0
3.1800, 519, 572, 0, 0
3.2050, 519, 572, 0, 0
3.2290, 520, 572, 0, 0
3.2550, 520, 571, 0, 0
3.2800, 521, 571, 0, 0
3.3050, 520, 571, 0, 0
3.3300, 520, 570, 0, 0
3.3540, 520, 570, 0, 0
3.3800, 520, 570, 0, 0
3.4050, 521, 569, 0, 0
3.4290, 521, 568, 0, 0
3.4550, 522, 567, 0, 0
3.4790, 523, 566, 0, 0
3.5050, 524, 565, 0, 0
3.5290, 524, 564, 0, 0
3.5540, 525, 563, 0, 0
3.5800, 526, 562, 0, 0
3.6040, 526, 562, 0, 0
3.6290, 526, 563, 0, 0
3.6540, 525, 563, 0, 0
3.6790, 525, 564, 0, 0
3.7050, 524, 565, 0, 0
3.7290, 524, 566, 0, 0
3.7540, 524, 566, 0, 0
3.7790, 524, 566, 0, 0
3.8040, 524, 567, 0, 0
3.8290, 524, 568, 0, 0
3.8540, 524, 568, 0, 0
3.8790, 524, 568, 0, 0
3.9040, 523, 569, 0, 0
3.9290, 523, 570, 0, 0
3.9530, 522, 570, 0, 0
3.9790, 522, 571, 0, 0
4.0040, 522, 570, 0, 0
4.0280, 523, 570, 0, 0
4.0540, 523, 571, 0, 0
4.0780, 523, 570, 0, 0
4.1040, 524, 570, 0, 0
4.1290, 524, 570, 0, 0
4.1530, 524, 571, 0, 0
4.1790, 524, 571, 0, 0
4.2030, 524, 571, 0, 0
4.2280, 524, 571, 0, 0
4.2530, 524, 571, 0, 0
4.2780, 524, 571, 0, 0
4.3040, 524, 571, 0, 0
4.3280, 522, 573, 0, 0
4.3530, 522, 573, 0, 0
4.3780, 522, 573, 0, 0
4.4030, 522, 573, 0, 0
4.4280, 521, 574, 0, 0
4.4530, 522, 574, 0, 0
4.4780, 522, 574, 0, 0
4.5030, 522, 573, 0, 0
4.5280, 523, 573, 0, 0
4.5520, 523, 572, 0, 0
4.5780, 524, 572, 0, 0
4.6030, 524, 571, 0, 0
4.6270, 525, 571, 0, 0
4.6530, 524, 571, 0, 0
4.6770, 525, 570, 0, 0
4.7030, 524, 570, 0, 0
4.7280, 525, 570, 0, 0
4.7520, 526, 570, 0, 0
4.7780, 526, 570, 0, 0
4.8020, 527, 569, 0, 0
4.8270, 527, 568, 0, 0
4.8530, 528, 568, 0, 0
4.8770, 528, 566, 0, 0
4.9030, 528, 566, 0, 0
4.9270, 529, 565, 0, 0
4.9520, 529, 564, 0, 0
4.9770, 529, 564, 0, 0
5.0020, 530, 563, 0, 0
5.0270, 530, 562, 0, 0
5.0520, 531, 562, 0, 0
5.0770, 531, 561, 0, 0
5.1020, 530, 562, 0, 0
5.1270, 530, 563, 0, 0
5.1520, 528, 565, 0, 0
5.1770, 526, 566, 0, 0
5.2020, 523, 568, 0, 0
5.2260, 522, 569, 0, 0
5.2520, 522, 569, 0, 0
5.2760, 522, 570, 0, 0
5.3020, 522, 570, 0, 0
5.3270, 521, 570, 0, 0
5.3510, 521, 571, 0, 0
5.3770, 521, 572, 0, 0
5.4010, 521, 572, 0, 0
5.4260, 521, 572, 0, 0
5.4520, 521, 572, 0, 0
5.4760, 521, 572, 0, 0
5.5020, 519, 572, 0, 0
5.5260, 520, 573, 0, 0
5.5510, 520, 573, 0, 0
5.5760, 520, 573, 0, 0
5.6010, 520, 573, 0, 0
5.6260, 520, 573, 0, 0
5.6510, 521, 573, 0, 0
5.6760, 521, 573, 0, 0
5.7010, 520, 573, 0, 0
5.7260, 521, 573, 0, 0
5.7510, 521, 573, 0, 0
5.7760, 520, 574, 0, 0
5.8010, 521, 575, 0, 0
5.8250, 520, 575, 0, 0
5.8510, 520, 575, 0, 0
5.8750, 519, 575, 0, 0
5.9010, 520, 576, 0, 0
5.9260, 520, 575, 0, 0
5.9500, 520, 576, 0, 0
5.9760, 520, 577, 0, 0
6.0000, 520, 577, 0, 0
6.0250, 520, 576, 0, 0
6.0510, 520, 577, 0, 0
6.0750, 520, 576, 0, 0
6.1010, 519, 576, 0, 0
6.1250, 520, 576, 0, 0
6.1500, 520, 576, 0, 0
6.1760, 520, 576, 0, 0
6.2000, 520, 575, 0, 0
6.2250, 520, 575, 0, 0
6.2500, 520, 575, 0, 0
6.2750, 521, 574, 0, 0
6.3000, 520, 574, 0, 0
6.3250, 521, 575, 0, 0
6.3500, 520, 575, 0, 0
6.3750, 520, 574, 0, 0
6.4000, 520, 574, 0, 0
6.4240, 519, 574, 0, 0
6.4500, 519, 574, 0, 0
6.4750, 519, 573, 0, 0
6.5000, 519, 572, 0, 0
6.5250, 519, 572, 0, 0
6.5490, 520, 570, 0, 0
6.5750, 520, 568, 0, 0
6.5990, 521, 567, 0, 0
6.6240, 521, 567, 0, 0
6.6500, 521, 567, 0, 0
6.6740, 520, 567, 0, 0
6.7000, 520, 568, 0, 0
6.7240, 519, 568, 0, 0
6.7490, 519, 568, 0, 0
6.7750, 519, 569, 0, 0
6.7990, 518, 570, 0, 0
6.8240, 518, 570, 0, 0
6.8490, 517, 570, 0, 0
6.8740, 517, 571, 0, 0
6.8990, 517, 571, 0, 0
6.9240, 517, 571, 0, 0
6.9490, 517, 571, 0, 0
6.9740, 517, 571, 0, 0
6.9990, 517, 571, 0, 0
7.0230, 517, 572, 0, 0
7.0490, 517, 572, 0, 0
7.0740, 517, 571, 0, 0
7.0990, 517, 572, 0, 0
7.1240, 517, 571, 0, 0
7.1480, 517, 572, 0, 0
7.1740, 518, 572, 0, 0
7.1980, 518, 571, 0, 0
7.2230, 519, 572, 0, 0
7.2490, 519, 571, 0, 0
7.2730, 519, 572, 0, 0
7.2990, 518, 573, 0, 0
7.3230, 518, 573, 0, 0
7.3480, 518, 573, 0, 0
7.3740, 518, 573, 0, 0
7.3980, 518, 573, 0, 0
7.4230, 518, 574, 0, 0
7.4480, 517, 574, 0, 0
7.4730, 517, 574, 0, 0
7.4990, 517, 574, 0, 0
7.5230, 517, 575, 0, 0
7.5480, 517, 576, 0, 0
7.5730, 517, 576, 0, 0
7.5980, 518, 576, 0, 0
7.6220, 518, 576, 0, 0
7.6480, 518, 576, 0, 0
7.6730, 518, 576, 0, 0
7.6980, 519, 576, 0, 0
7.7230, 519, 576, 0, 0
7.7470, 519, 576, 0, 0
7.7730, 519, 576, 0, 0
7.7980, 519, 575, 0, 0
7.8220, 519, 575, 0, 0
7.8480, 519, 574, 0, 0
7.8720, 519, 574, 0, 0
7.8980, 519, 574, 0, 0
7.9220, 520, 573, 0, 0
7.9470, 520, 572, 0, 0
7.9730, 521, 571, 0, 0
7.9970, 522, 570, 0, 0
8.0220, 523, 570, 0, 0
8.0470, 523, 569, 0, 0
8.0720, 524, 568, 0, 0
8.0980, 525, 566, 0, 0
8.1220, 525, 564, 0, 0
8.1470, 526, 563, 0, 0
8.1720, 526, 563, 0, 0
8.1970, 525, 564, 0, 0
8.2210, 525, 564, 0, 0
8.2470, 524, 566, 0, 0
8.2720, 523, 566, 0, 0
8.2970, 521, 567, 0, 0
8.3220, 520, 567, 0, 0
8.3460, 518, 567, 0, 0
8.3720, 517, 567, 0, 0
8.3970, 517, 569, 0, 0
8.4210, 516, 569, 0, 0
8.4470, 515, 570, 0, 0
8.4710, 515, 571, 0, 0
8.4970, 515, 572, 0, 0
8.5210, 515, 572, 0, 0
8.5460, 516, 572, 0, 0
8.5720, 516, 572, 0, 0
8.5960, 517, 572, 0, 0
8.6210, 517, 572, 0, 0
8.6460, 517, 572, 0, 0
8.6710, 518, 572, 0, 0
8.6970, 518, 573, 0, 0
8.7210, 518, 573, 0, 0
8.7460, 518, 573, 0, 0
8.7710, 519, 573, 0, 0
8.7960, 518, 573, 0, 0
8.8210, 518, 574, 0, 0
8.8460, 519, 573, 0, 0
8.8710, 520, 574, 0, 0
8.8960, 519, 574, 0, 0
8.9210, 519, 573, 0, 0
8.9450, 519, 574, 0, 0
8.9710, 519, 574, 0, 0
8.9960, 519, 574, 0, 0
9.0200, 518, 575, 0, 0
9.0460, 517, 575, 0, 0
9.0700, 516, 576, 0, 0
9.0960, 515, 576, 0, 0
9.1210, 516, 576, 0, 0
9.1450, 516, 576, 0, 0
9.1710, 516, 576, 0, 0
9.1950, 517, 576, 0, 0
9.2200, 517, 576, 0, 0
9.2450, 517, 576, 0, 0
9.2700, 517, 576, 0, 0
9.2960, 518, 575, 0, 0
9.3200, 518, 576, 0, 0
9.3450, 519, 576, 0, 0
9.3700, 519, 575, 0, 0
9.3950, 520, 575, 0, 0
9.4200, 520, 574, 0, 0
9.4450, 520, 574, 0, 0
9.4700, 520, 574, 0, 0
9.4950, 520, 575, 0, 0
9.5200, 521, 574, 0, 0
9.5440, 521, 573, 0, 0
9.5700, 521, 573, 0, 0
9.5950, 521, 571, 0, 0
9.6190, 522, 569, 0, 0
9.6450, 523, 569, 0, 0
9.6690, 524, 568, 0, 0
9.6950, 525, 567, 0, 0
9.7200, 525, 565, 0, 0
9.7440, 526, 564, 0, 0
9.7700, 526, 564, 0, 0
9.7940, 526, 563, 0, 0
9.8190, 526, 564, 0, 0
9.8450, 526, 565, 0, 0
9.8690, 525, 565, 0, 0
9.8950, 525, 567, 0, 0
9.9190, 523, 567, 0, 0
9.9440, 521, 567, 0, 0
9.9690, 521, 567, 0, 0
9.9940, 519, 567, 0, 0
10.0190, 519, 567, 0, 0
10.0450, 518, 568, 0, 0
10.0710, 517, 568, 0, 0
10.0970, 516, 570, 0, 0
10.1230, 516, 570, 0, 0
10.1490, 515, 571, 0, 0
10.1750, 516, 572, 0, 0
10.2010, 517, 572, 0, 0
10.2270, 517, 572, 0, 0
10.2530, 518, 573, 0, 0
10.2790, 518, 572, 0, 0
10.3050, 519, 573, 0, 0
10.3310, 519, 573, 0, 0
10.3570, 519, 573, 0, 0
10.3830, 518, 573, 0, 0
10.4090, 518, 574, 0, 0
10.4350, 518, 574, 0, 0
10.4610, 518, 574, 0, 0
10.4870, 518, 574, 0, 0
10.5130, 518, 575, 0, 0
10.5390, 517, 575, 0, 0
10.5650, 517, 575, 0, 0
10.5910, 517, 575, 0, 0
10.6170, 516, 576, 0, 0
10.6430, 516, 576, 0, 0
10.6690, 516, 576, 0, 0
10.6950, 516, 577, 0, 0
10.7210, 516, 577, 0, 0
10.7470, 516, 577, 0, 0
10.7730, 517, 577, 0, 0
10.7990, 517, 576, 0, 0
10.8240, 518, 576, 0, 0
10.8510, 519, 575, 0, 0
10.8770, 520, 573, 0, 0
10.9030, 521, 572, 0, 0
10.9290, 522, 571, 0, 0
10.9550, 522, 570, 0, 0
10.9810, 523, 569, 0, 0
11.0070, 524, 568, 0, 0
11.0330, 524, 567, 0, 0
11.0590, 525, 566, 0, 0
11.0850, 525, 566, 0, 0
11.1110, 525, 565, 0, 0
11.1370, 525, 565, 0, 0
11.1630, 526, 564, 0, 0
11.1890, 527, 563, 0, 0
11.2150, 528, 562, 0, 0
11.2410, 529, 560, 0, 0
11.2670, 528, 558, 0, 0
11.2930, 530, 558, 0, 0
11.3190, 530, 557, 0, 0
11.3450, 531, 558, 0, 0
11.3710, 530, 558, 0, 0
11.3970, 530, 560, 0, 0
11.4220, 529, 562, 0, 0
11.4490, 528, 563, 0, 0
11.4750, 527, 563, 0, 0
11.5010, 527, 564, 0, 0
11.5270, 526, 565, 0, 0
11.5530, 525, 566, 0, 0
11.5790, 525, 566, 0, 0
11.6050, 524, 567, 0, 0
11.6310, 523, 567, 0, 0
11.6570, 523, 567, 0, 0
11.6830, 523, 567, 0, 0
11.7090, 522, 568, 0, 0
11.7350, 523, 568, 0, 0
11.7610, 523, 569, 0, 0
11.7870, 523, 568, 0, 0
11.8130, 523, 568, 0, 0
11.8390, 523, 569, 0, 0
11.8650, 523, 568, 0, 0
11.8910, 523, 569, 0, 0
11.9170, 523, 569, 0, 0
11.9430, 523, 569, 0, 0
11.9690, 522, 570, 0, 0
11.9950, 521, 570, 0, 0
12.0210, 520, 571, 0, 0
12.0470, 519, 572, 0, 0
12.0730, 519, 573, 0, 0
12.0990, 519, 573, 0, 0
12.1250, 520, 573, 0, 0
12.1510, 521, 573, 0, 0
12.1770, 520, 573, 0, 0
12.2030, 521, 574, 0, 0
12.2290, 521, 574, 0, 0
12.2550, 522, 574, 0, 0
12.2810, 522, 575, 0, 0
12.3070, 523, 575, 0, 0
12.3330, 523, 574, 0, 0
12.3590, 523, 574, 0, 0
12.3850, 523, 574, 0, 0
12.4110, 523, 574, 0, 0
12.4370, 522, 574, 0, 0
12.4630, 523, 573, 0, 0
12.4880, 523, 573, 0, 0
12.5150, 523, 572, 0, 0
12.5410, 524, 571, 0, 0
12.5670, 524, 570, 0, 0
12.5930, 524, 569, 0, 0
12.6190, 525, 568, 0, 0
12.6450, 526, 567, 0, 0
12.6710, 526, 565, 0, 0
12.6970, 527, 564, 0, 0
12.7230, 527, 563, 0, 0
12.7490, 528, 563, 0, 0
12.7750, 529, 562, 0, 0
12.8010, 529, 561, 0, 0
12.8270, 529, 562, 0, 0
12.8530, 529, 562, 0, 0
12.8790, 529, 564, 0, 0
12.9050, 528, 565, 0, 0
12.9310, 528, 566, 0, 0
12.9570, 527, 568, 0, 0
12.9830, 526, 568, 0, 0
13.0090, 526, 569, 0, 0
13.0350, 526, 570, 0, 0
13.0610, 527, 570, 0, 0
13.0860, 526, 570, 0, 0
13.1130, 527, 571, 0, 0
13.1390, 527, 571, 0, 0
13.1650, 526, 571, 0, 0
13.1910, 526, 571, 0, 0
13.2170, 525, 572, 0, 0
13.2430, 525, 572, 0, 0
13.2690, 525, 572, 0, 0
13.2950, 525, 573, 0, 0
13.3210, 525, 573, 0, 0
13.3470, 525, 573, 0, 0
13.3730, 526, 573, 0, 0
13.3990, 526, 573, 0, 0
13.4250, 526, 572, 0, 0
13.4510, 526, 573, 0, 0
13.4770, 526, 573, 0, 0
13.5030, 526, 573, 0, 0
13.5290, 526, 574, 0, 0
13.5550, 525, 574, 0, 0
13.5810, 525, 574, 0, 0
13.6070, 524, 575, 0, 0
13.6330, 524, 575, 0, 0
13.6590, 523, 575, 0, 0
13.6850, 523, 575, 0, 0
13.7110, 524, 576, 0, 0
13.7370, 524, 575, 0, 0
13.7630, 524, 576, 0, 0
13.7890, 525, 576, 0, 0
13.8150, 525, 575, 0, 0
13.8410, 525, 575, 0, 0
13.8670, 526, 575, 0, 0
13.8930, 526, 574, 0, 0
13.9190, 526, 572, 0, 0
13.9450, 527, 571, 0, 0
13.9710, 527, 570, 0, 0
13.9970, 527, 568, 0, 0
14.0230, 528, 567, 0, 0
14.0490, 528, 566, 0, 0
14.0750, 529, 566, 0, 0
14.1010, 529, 564, 0, 0
14.1270, 529, 564, 0, 0
14.1520, 530, 563, 0, 0
14.1790, 530, 562, 0, 0
14.2050, 531, 560, 0, 0
14.2310, 532, 559, 0, 0
14.2570, 532, 558, 0, 0
14.2830, 533, 557, 0, 0
14.3090, 533, 556, 0, 0
14.3350, 534, 556, 0, 0
14.3610, 533, 557, 0, 0
14.3870, 533, 558, 0, 0
14.4130, 532, 560, 0, 0
14.4390, 530, 561, 0, 0
14.4650, 529, 562, 0, 0
14.4910, 527, 562, 0, 0
14.5170, 527, 563, 0, 0
14.5430, 526, 563, 0, 0
14.5690, 526, 563, 0, 0
14.5950, 525, 564, 0, 0
14.6210, 524, 565, 0, 0
14.6470, 523, 565, 0, 0
14.6730, 521, 565, 0, 0
14.6990, 520, 566, 0, 0
14.7250, 519, 568, 0, 0
Trial 6 ended
