=~=~=~=~=~=~=~=~=~=~=~= PuTTY log 2024.11.14 12:52:13 =~=~=~=~=~=~=~=~=~=~=~=
Down threshold:   f_down_thr = 592
Up threshold:   f_up_thr = 426
Trial 1 started
time, up, down, lbl_up, lbl_down
0.0000, 465, 632, 0, 0
0.0100, 466, 632, 0, 0
0.0340, 467, 632, 0, 0
0.0600, 469, 631, 0, 0
0.0850, 471, 631, 0, 0
0.1090, 474, 630, 0, 0
0.1350, 477, 629, 0, 0
0.1590, 480, 627, 0, 0
0.1850, 484, 625, 0, 0
0.2090, 487, 623, 0, 0
0.2340, 491, 620, 0, 0
0.2600, 494, 619, 0, 0
0.2840, 497, 616, 0, 0
0.3090, 500, 615, 0, 0
0.3340, 502, 613, 0, 0
0.3590, 504, 612, 0, 0
0.3850, 507, 612, 0, 0
0.4090, 510, 610, 0, 0
0.4340, 514, 610, 0, 0
0.4590, 516, 609, 0, 0
0.4840, 518, 609, 0, 0
0.5090, 519, 608, 0, 0
0.5340, 520, 607, 0, 0
0.5590, 520, 606, 0, 0
0.5840, 519, 606, 0, 0
0.6090, 518, 606, 0, 0
0.6330, 518, 607, 0, 0
0.6590, 516, 607, 0, 0
0.6840, 513, 607, 0, 0
0.7080, 511, 607, 0, 0
0.7340, 508, 608, 0, 0
0.7580, 505, 610, 0, 0
0.7840, 505, 610, 0, 0
0.8090, 505, 611, 0, 0
0.8330, 505, 611, 0, 0
0.8590, 506, 611, 0, 0
0.8830, 507, 610, 0, 0
0.9080, 508, 609, 0, 0
0.9330, 510, 610, 0, 0
0.9580, 510, 610, 0, 0
0.9840, 508, 612, 0, 0
1.0080, 507, 612, 0, 0
1.0330, 504, 613, 0, 0
1.0580, 502, 614, 0, 0
1.0830, 503, 615, 0, 0
1.1080, 502, 615, 0, 0
1.1330, 502, 615, 0, 0
1.1580, 502, 615, 0, 0
1.1830, 501, 618, 0, 0
1.2080, 502, 616, 0, 0
1.2320, 503, 615, 0, 0
1.2580, 502, 617, 0, 0
1.2830, 504, 616, 0, 0
1.3070, 506, 614, 0, 0
1.3330, 506, 613, 0, 0
1.3570, 507, 613, 0, 0
1.3830, 509, 609, 0, 0
1.4080, 510, 609, 0, 0
1.4320, 511, 608, 0, 0
1.4580, 512, 607, 0, 0
1.4820, 513, 606, 0, 0
1.5070, 514, 606, 0, 0
1.5330, 515, 606, 0, 0
1.5570, 516, 605, 0, 0
1.5830, 516, 605, 0, 0
1.6070, 516, 606, 0, 0
1.6320, 517, 606, 0, 0
1.6570, 518, 606, 0, 0
1.6820, 519, 607, 0, 0
1.7070, 519, 607, 0, 0
1.7320, 520, 607, 0, 0
1.7570, 520, 607, 0, 0
1.7820, 520, 607, 0, 0
1.8070, 520, 608, 0, 0
1.8320, 519, 610, 0, 0
1.8570, 517, 611, 0, 0
1.8820, 515, 612, 0, 0
1.9060, 512, 613, 0, 0
1.9320, 510, 614, 0, 0
1.9560, 508, 616, 0, 0
1.9820, 506, 618, 0, 0
2.0070, 506, 617, 0, 0
2.0310, 506, 616, 0, 0
2.0570, 507, 590, 0, 1
2.0810, 508, 587, 0, 1
2.1060, 511, 586, 0, 1
2.1320, 513, 572, 0, 1
2.1560, 515, 574, 0, 1
2.1820, 517, 570, 0, 1
2.2060, 519, 571, 0, 1
2.2310, 520, 572, 0, 1
2.2560, 521, 578, 0, 1
2.2810, 520, 575, 0, 1
2.3060, 519, 576, 0, 1
2.3310, 518, 578, 0, 1
2.3560, 516, 578, 0, 1
2.3810, 516, 577, 0, 1
2.4060, 514, 578, 0, 1
2.4310, 514, 579, 0, 1
2.4560, 513, 579, 0, 1
2.4810, 513, 577, 0, 1
2.5050, 513, 577, 0, 1
2.5310, 513, 578, 0, 1
2.5550, 513, 576, 0, 1
2.5810, 512, 577, 0, 1
2.6060, 511, 577, 0, 1
2.6300, 509, 586, 0, 1
2.6560, 508, 577, 0, 1
2.6800, 507, 577, 0, 1
2.7050, 506, 577, 0, 1
2.7310, 506, 587, 0, 1
2.7550, 504, 588, 0, 1
2.7810, 505, 579, 0, 1
2.8050, 505, 579, 0, 1
2.8300, 506, 580, 0, 1
2.8560, 508, 578, 0, 1
2.8800, 508, 577, 0, 1
2.9050, 510, 576, 0, 1
2.9300, 511, 577, 0, 1
2.9550, 511, 577, 0, 1
2.9800, 512, 577, 0, 1
3.0050, 513, 577, 0, 1
3.0300, 514, 576, 0, 1
3.0550, 514, 585, 0, 1
3.0800, 514, 577, 0, 1
3.1040, 512, 576, 0, 1
3.1300, 512, 576, 0, 1
3.1550, 512, 585, 0, 1
3.1800, 511, 576, 0, 1
3.2050, 511, 577, 0, 1
3.2290, 511, 578, 0, 1
3.2550, 510, 577, 0, 1
3.2790, 509, 580, 0, 1
3.3040, 510, 597, 0, 0
3.3300, 510, 588, 0, 1
3.3540, 510, 585, 0, 1
3.3800, 511, 585, 0, 1
3.4040, 511, 574, 0, 1
3.4290, 511, 575, 0, 1
3.4550, 511, 577, 0, 1
3.4790, 512, 591, 0, 1
3.5040, 512, 581, 0, 1
3.5290, 510, 574, 0, 1
3.5540, 509, 577, 0, 1
3.5790, 509, 586, 0, 1
3.6040, 508, 577, 0, 1
3.6290, 508, 578, 0, 1
3.6540, 509, 577, 0, 1
3.6790, 508, 576, 0, 1
3.7030, 508, 579, 0, 1
3.7290, 509, 577, 0, 1
3.7540, 510, 579, 0, 1
3.7790, 510, 576, 0, 1
3.8040, 509, 578, 0, 1
3.8280, 507, 578, 0, 1
3.8540, 505, 579, 0, 1
3.8780, 503, 581, 0, 1
3.9030, 502, 590, 0, 1
3.9290, 500, 581, 0, 1
3.9530, 500, 581, 0, 1
3.9790, 500, 582, 0, 1
4.0030, 500, 591, 0, 1
4.0280, 501, 590, 0, 1
4.0540, 502, 579, 0, 1
4.0780, 503, 578, 0, 1
4.1030, 504, 577, 0, 1
4.1280, 505, 577, 0, 1
4.1530, 507, 575, 0, 1
4.1790, 508, 574, 0, 1
4.2030, 511, 573, 0, 1
4.2280, 513, 573, 0, 1
4.2530, 514, 575, 0, 1
4.2780, 515, 574, 0, 1
4.3020, 516, 573, 0, 1
4.3280, 515, 575, 0, 1
4.3530, 515, 574, 0, 1
4.3780, 514, 574, 0, 1
4.4030, 513, 575, 0, 1
4.4270, 512, 574, 0, 1
4.4530, 512, 576, 0, 1
4.4780, 510, 576, 0, 1
4.5020, 509, 574, 0, 1
4.5280, 508, 574, 0, 1
4.5520, 508, 573, 0, 1
4.5780, 507, 573, 0, 1
4.6020, 507, 571, 0, 1
4.6270, 505, 571, 0, 1
4.6530, 503, 572, 0, 1
4.6770, 503, 572, 0, 1
4.7020, 504, 572, 0, 1
4.7270, 505, 574, 0, 1
4.7520, 506, 582, 0, 1
4.7780, 507, 572, 0, 1
4.8020, 509, 570, 0, 1
4.8270, 510, 571, 0, 1
4.8520, 510, 568, 0, 1
4.8770, 511, 569, 0, 1
4.9010, 511, 570, 0, 1
4.9270, 513, 569, 0, 1
4.9520, 512, 570, 0, 1
4.9770, 513, 572, 0, 1
5.0020, 513, 571, 0, 1
5.0260, 513, 571, 0, 1
5.0520, 514, 572, 0, 1
5.0770, 514, 570, 0, 1
5.1010, 514, 573, 0, 1
5.1270, 515, 575, 0, 1
5.1510, 516, 568, 0, 1
5.1770, 515, 572, 0, 1
5.2010, 516, 570, 0, 1
5.2260, 517, 569, 0, 1
5.2520, 518, 569, 0, 1
5.2760, 517, 570, 0, 1
5.3010, 517, 571, 0, 1
5.3260, 517, 572, 0, 1
5.3510, 517, 573, 0, 1
5.3770, 517, 573, 0, 1
5.4010, 517, 572, 0, 1
5.4260, 517, 574, 0, 1
5.4510, 516, 577, 0, 1
5.4760, 515, 575, 0, 1
5.5010, 512, 576, 0, 1
5.5260, 510, 576, 0, 1
5.5510, 508, 580, 0, 1
5.5760, 506, 580, 0, 1
5.6010, 504, 590, 0, 1
5.6250, 502, 581, 0, 1
5.6510, 501, 582, 0, 1
5.6760, 501, 583, 0, 1
5.7000, 501, 593, 0, 0
5.7260, 501, 593, 0, 0
5.7500, 503, 593, 0, 0
5.7760, 503, 592, 0, 0
5.8010, 504, 590, 0, 1
5.8250, 505, 589, 0, 1
5.8510, 506, 577, 0, 1
5.8750, 507, 577, 0, 1
5.9000, 509, 573, 0, 1
5.9250, 511, 573, 0, 1
5.9500, 512, 574, 0, 1
5.9760, 514, 571, 0, 1
6.0000, 516, 571, 0, 1
6.0250, 517, 570, 0, 1
6.0500, 518, 571, 0, 1
6.0750, 519, 571, 0, 1
6.1000, 519, 571, 0, 1
6.1250, 519, 568, 0, 1
6.1500, 519, 567, 0, 1
6.1750, 518, 569, 0, 1
6.2000, 515, 568, 0, 1
6.2240, 513, 567, 0, 1
6.2500, 512, 570, 0, 1
6.2750, 511, 569, 0, 1
6.2990, 509, 570, 0, 1
6.3250, 508, 572, 0, 1
6.3490, 505, 573, 0, 1
6.3750, 503, 573, 0, 1
6.4000, 502, 575, 0, 1
6.4240, 502, 574, 0, 1
6.4500, 503, 584, 0, 1
6.4740, 503, 576, 0, 1
6.4990, 505, 574, 0, 1
6.5250, 507, 570, 0, 1
6.5490, 509, 569, 0, 1
6.5750, 511, 567, 0, 1
6.5990, 512, 566, 0, 1
6.6240, 513, 568, 0, 1
6.6490, 513, 569, 0, 1
6.6740, 513, 569, 0, 1
6.6990, 514, 571, 0, 1
6.7240, 515, 571, 0, 1
6.7490, 515, 571, 0, 1
6.7740, 516, 569, 0, 1
6.7990, 516, 570, 0, 1
6.8240, 516, 569, 0, 1
6.8490, 516, 571, 0, 1
6.8740, 515, 570, 0, 1
6.8980, 513, 571, 0, 1
6.9240, 513, 573, 0, 1
6.9480, 512, 574, 0, 1
6.9740, 512, 574, 0, 1
6.9990, 513, 573, 0, 1
7.0230, 510, 574, 0, 1
7.0490, 509, 575, 0, 1
7.0730, 506, 577, 0, 1
7.0980, 501, 578, 0, 1
7.1240, 498, 579, 0, 1
7.1480, 496, 581, 0, 1
7.1740, 496, 580, 0, 1
7.1980, 495, 592, 0, 0
7.2230, 492, 593, 0, 0
7.2480, 491, 594, 0, 0
7.2730, 490, 595, 0, 0
7.2980, 489, 595, 0, 0
7.3230, 489, 596, 0, 0
7.3480, 488, 596, 0, 0
7.3730, 488, 596, 0, 0
7.3980, 488, 596, 0, 0
7.4230, 488, 596, 0, 0
7.4480, 488, 596, 0, 0
7.4730, 488, 595, 0, 0
7.4970, 489, 595, 0, 0
7.5230, 489, 595, 0, 0
7.5470, 491, 594, 0, 0
7.5730, 492, 593, 0, 0
7.5980, 494, 592, 0, 0
7.6220, 496, 590, 0, 1
7.6480, 498, 577, 0, 1
7.6720, 502, 577, 0, 1
7.6970, 504, 574, 0, 1
7.7230, 506, 583, 0, 1
7.7470, 509, 570, 0, 1
7.7730, 512, 569, 0, 1
7.7970, 515, 567, 0, 1
7.8220, 518, 566, 0, 1
7.8480, 521, 563, 0, 1
7.8720, 523, 561, 0, 1
7.8970, 524, 561, 0, 1
7.9220, 525, 562, 0, 1
7.9470, 525, 559, 0, 1
7.9720, 526, 560, 0, 1
7.9970, 526, 559, 0, 1
8.0220, 525, 558, 0, 1
8.0470, 525, 555, 0, 1
8.0720, 523, 557, 0, 1
8.0960, 522, 556, 0, 1
8.1220, 519, 560, 0, 1
8.1470, 517, 561, 0, 1
8.1720, 517, 561, 0, 1
8.1970, 517, 562, 0, 1
8.2210, 517, 562, 0, 1
8.2470, 518, 562, 0, 1
8.2710, 520, 559, 0, 1
8.2960, 520, 557, 0, 1
8.3220, 521, 557, 0, 1
8.3460, 523, 559, 0, 1
8.3720, 523, 557, 0, 1
8.3960, 523, 559, 0, 1
8.4210, 521, 562, 0, 1
8.4470, 522, 561, 0, 1
8.4710, 523, 568, 0, 1
8.4960, 524, 563, 0, 1
8.5210, 524, 564, 0, 1
8.5460, 525, 562, 0, 1
8.5710, 524, 563, 0, 1
8.5960, 522, 565, 0, 1
8.6210, 518, 567, 0, 1
8.6460, 517, 569, 0, 1
8.6710, 516, 570, 0, 1
8.6950, 513, 572, 0, 1
8.7210, 510, 575, 0, 1
8.7460, 508, 578, 0, 1
8.7710, 505, 576, 0, 1
8.7960, 503, 579, 0, 1
8.8200, 502, 580, 0, 1
8.8460, 503, 581, 0, 1
8.8700, 503, 581, 0, 1
8.8950, 502, 590, 0, 1
8.9210, 503, 580, 0, 1
8.9450, 503, 583, 0, 1
8.9710, 501, 580, 0, 1
8.9950, 500, 592, 0, 0
9.0200, 498, 597, 0, 0
9.0460, 497, 592, 0, 0
9.0700, 497, 592, 0, 0
9.0950, 497, 593, 0, 0
9.1200, 497, 592, 0, 0
9.1450, 498, 592, 0, 0
9.1710, 499, 592, 0, 0
9.1950, 499, 591, 0, 1
9.2200, 500, 592, 0, 0
9.2450, 501, 591, 0, 1
9.2700, 501, 582, 0, 1
9.2940, 502, 582, 0, 1
9.3200, 504, 591, 0, 1
9.3450, 506, 579, 0, 1
9.3700, 507, 579, 0, 1
9.3950, 510, 580, 0, 1
9.4190, 513, 585, 0, 1
9.4450, 515, 574, 0, 1
9.4700, 516, 572, 0, 1
9.4940, 518, 569, 0, 1
9.5200, 518, 569, 0, 1
9.5440, 517, 570, 0, 1
9.5700, 517, 567, 0, 1
9.5940, 516, 566, 0, 1
9.6190, 516, 565, 0, 1
9.6450, 512, 567, 0, 1
9.6690, 510, 569, 0, 1
9.6940, 508, 569, 0, 1
9.7190, 506, 571, 0, 1
9.7440, 505, 573, 0, 1
9.7700, 504, 572, 0, 1
9.7940, 503, 572, 0, 1
9.8190, 504, 572, 0, 1
9.8440, 504, 573, 0, 1
9.8690, 505, 573, 0, 1
9.8930, 507, 572, 0, 1
9.9190, 509, 569, 0, 1
9.9440, 511, 567, 0, 1
9.9690, 513, 567, 0, 1
9.9940, 515, 565, 0, 1
10.0180, 515, 568, 0, 1
10.0450, 516, 566, 0, 1
10.0710, 517, 566, 0, 1
10.0960, 517, 568, 0, 1
10.1230, 517, 572, 0, 1
10.1480, 517, 573, 0, 1
10.1750, 517, 574, 0, 1
10.2010, 516, 572, 0, 1
10.2260, 514, 574, 0, 1
10.2530, 512, 578, 0, 1
10.2780, 512, 580, 0, 1
10.3050, 510, 582, 0, 1
10.3310, 509, 585, 0, 1
10.3560, 505, 584, 0, 1
10.3830, 504, 595, 0, 0
10.4090, 500, 597, 0, 0
10.4350, 500, 598, 0, 0
10.4610, 500, 597, 0, 0
10.4860, 501, 598, 0, 0
10.5130, 500, 598, 0, 0
10.5390, 501, 598, 0, 0
10.5650, 499, 594, 0, 0
10.5910, 498, 595, 0, 0
10.6160, 495, 595, 0, 0
10.6430, 493, 596, 0, 0
10.6690, 491, 596, 0, 0
10.6940, 491, 597, 0, 0
10.7210, 491, 598, 0, 0
10.7460, 493, 597, 0, 0
10.7730, 495, 596, 0, 0
10.7990, 496, 595, 0, 0
10.8240, 499, 593, 0, 0
10.8510, 501, 590, 0, 1
10.8770, 503, 577, 0, 1
10.9030, 507, 585, 0, 1
10.9290, 509, 573, 0, 1
10.9540, 513, 571, 0, 1
10.9810, 515, 568, 0, 1
11.0070, 517, 570, 0, 1
11.0330, 520, 569, 0, 1
11.0590, 523, 569, 0, 1
11.0840, 524, 565, 0, 1
11.1110, 523, 569, 0, 1
11.1370, 523, 567, 0, 1
11.1630, 522, 567, 0, 1
11.1890, 520, 567, 0, 1
11.2140, 518, 567, 0, 1
11.2410, 515, 568, 0, 1
11.2670, 510, 571, 0, 1
11.2920, 506, 572, 0, 1
11.3190, 504, 573, 0, 1
11.3440, 503, 572, 0, 1
11.3710, 503, 572, 0, 1
11.3970, 504, 573, 0, 1
11.4220, 506, 571, 0, 1
11.4490, 508, 572, 0, 1
11.4750, 510, 567, 0, 1
11.5010, 511, 566, 0, 1
11.5270, 512, 565, 0, 1
11.5520, 515, 561, 0, 1
11.5790, 516, 563, 0, 1
11.6050, 517, 561, 0, 1
11.6310, 519, 564, 0, 1
11.6570, 519, 562, 0, 1
11.6820, 520, 562, 0, 1
11.7090, 520, 561, 0, 1
11.7350, 520, 562, 0, 1
11.7600, 520, 562, 0, 1
11.7870, 521, 563, 0, 1
11.8120, 521, 564, 0, 1
11.8390, 520, 566, 0, 1
11.8650, 520, 567, 0, 1
11.8900, 519, 568, 0, 1
11.9170, 518, 571, 0, 1
11.9420, 515, 572, 0, 1
11.9690, 514, 575, 0, 1
11.9950, 513, 584, 0, 1
12.0200, 511, 593, 0, 0
12.0470, 511, 592, 0, 0
12.0730, 509, 594, 0, 0
12.0990, 508, 596, 0, 0
12.1250, 507, 596, 0, 0
12.1500, 506, 590, 0, 1
12.1770, 503, 580, 0, 1
12.2030, 503, 585, 0, 1
12.2290, 502, 592, 0, 0
12.2550, 502, 592, 0, 0
12.2800, 502, 592, 0, 0
12.3070, 502, 591, 0, 1
12.3330, 503, 597, 0, 0
12.3580, 504, 589, 0, 1
12.3850, 505, 576, 0, 1
12.4100, 507, 575, 0, 1
12.4370, 508, 573, 0, 1
12.4630, 511, 571, 0, 1
12.4880, 514, 571, 0, 1
12.5150, 516, 569, 0, 1
12.5410, 519, 567, 0, 1
12.5670, 522, 567, 0, 1
12.5930, 524, 566, 0, 1
12.6180, 526, 566, 0, 1
12.6450, 526, 566, 0, 1
12.6710, 527, 573, 0, 1
12.6970, 528, 567, 0, 1
12.7230, 528, 565, 0, 1
12.7480, 527, 568, 0, 1
12.7750, 527, 564, 0, 1
12.8010, 526, 564, 0, 1
12.8270, 526, 563, 0, 1
12.8530, 526, 562, 0, 1
12.8780, 524, 563, 0, 1
12.9050, 522, 563, 0, 1
12.9310, 520, 564, 0, 1
12.9560, 518, 565, 0, 1
12.9830, 515, 567, 0, 1
13.0080, 514, 568, 0, 1
13.0350, 515, 569, 0, 1
13.0610, 515, 568, 0, 1
13.0860, 516, 568, 0, 1
13.1130, 518, 568, 0, 1
13.1390, 520, 565, 0, 1
13.1650, 522, 563, 0, 1
13.1910, 523, 563, 0, 1
13.2160, 525, 564, 0, 1
13.2430, 525, 565, 0, 1
13.2690, 525, 573, 0, 1
13.2950, 524, 573, 0, 1
13.3210, 525, 573, 0, 1
13.3460, 525, 573, 0, 1
13.3730, 524, 573, 0, 1
13.3990, 523, 573, 0, 1
13.4240, 523, 573, 0, 1
13.4510, 521, 585, 0, 1
13.4760, 519, 577, 0, 1
13.5030, 515, 578, 0, 1
13.5290, 513, 579, 0, 1
13.5540, 511, 591, 0, 1
13.5810, 510, 585, 0, 1
13.6060, 508, 600, 0, 0
13.6330, 507, 609, 0, 0
13.6590, 508, 593, 0, 0
13.6840, 508, 598, 0, 0
13.7110, 509, 594, 0, 0
13.7370, 508, 593, 0, 0
13.7630, 507, 591, 0, 1
13.7890, 505, 582, 0, 1
13.8140, 502, 583, 0, 1
13.8410, 499, 585, 0, 1
13.8670, 498, 595, 0, 0
13.8930, 497, 596, 0, 0
13.9190, 497, 595, 0, 0
13.9440, 497, 595, 0, 0
13.9710, 498, 594, 0, 0
13.9970, 499, 599, 0, 0
14.0220, 500, 599, 0, 0
14.0490, 501, 597, 0, 0
14.0740, 503, 594, 0, 0
14.1010, 506, 593, 0, 0
14.1270, 507, 592, 0, 0
14.1520, 509, 591, 0, 1
14.1790, 511, 589, 0, 1
14.2050, 513, 577, 0, 1
14.2310, 515, 575, 0, 1
14.2570, 517, 574, 0, 1
14.2820, 519, 571, 0, 1
14.3090, 521, 571, 0, 1
14.3350, 523, 565, 0, 1
14.3610, 525, 562, 0, 1
14.3870, 526, 563, 0, 1
14.4120, 525, 570, 0, 1
14.4390, 525, 563, 0, 1
14.4650, 523, 563, 0, 1
14.4910, 521, 563, 0, 1
14.5170, 519, 564, 0, 1
14.5420, 514, 567, 0, 1
14.5690, 509, 571, 0, 1
14.5950, 506, 570, 0, 1
14.6200, 503, 572, 0, 1
14.6470, 501, 574, 0, 1
14.6720, 502, 574, 0, 1
14.6990, 502, 574, 0, 1
14.7250, 503, 574, 0, 1
14.7500, 504, 573, 0, 1
14.7770, 507, 582, 0, 1
14.8030, 509, 573, 0, 1
14.8290, 512, 569, 0, 1
14.8550, 515, 567, 0, 1
14.8800, 516, 569, 0, 1
14.9070, 518, 566, 0, 1
14.9330, 520, 565, 0, 1
14.9590, 521, 565, 0, 1
14.9850, 521, 564, 0, 1
15.0100, 521, 564, 0, 1
15.0370, 521, 564, 0, 1
15.0630, 520, 565, 0, 1
15.0880, 519, 568, 0, 1
15.1150, 519, 568, 0, 1
15.1400, 518, 569, 0, 1
15.1670, 517, 572, 0, 1
15.1930, 517, 571, 0, 1
15.2180, 513, 575, 0, 1
15.2450, 511, 576, 0, 1
15.2700, 507, 579, 0, 1
15.2970, 504, 589, 0, 1
15.3230, 501, 581, 0, 1
15.3480, 500, 584, 0, 1
15.3750, 500, 593, 0, 0
15.4010, 499, 594, 0, 0
15.4270, 499, 594, 0, 0
15.4530, 500, 594, 0, 0
15.4780, 499, 595, 0, 0
15.5050, 499, 594, 0, 0
15.5310, 498, 595, 0, 0
15.5570, 497, 595, 0, 0
15.5830, 496, 595, 0, 0
15.6080, 496, 595, 0, 0
15.6350, 495, 596, 0, 0
15.6610, 495, 598, 0, 0
15.6860, 495, 597, 0, 0
15.7130, 496, 595, 0, 0
15.7380, 496, 594, 0, 0
15.7650, 497, 592, 0, 0
15.7910, 499, 591, 0, 1
15.8160, 501, 589, 0, 1
15.8430, 503, 577, 0, 1
15.8690, 504, 575, 0, 1
15.8950, 506, 575, 0, 1
15.9210, 508, 574, 0, 1
15.9460, 511, 574, 0, 1
15.9730, 513, 573, 0, 1
15.9990, 515, 573, 0, 1
16.0250, 517, 571, 0, 1
16.0510, 519, 570, 0, 1
16.0760, 521, 569, 0, 1
16.1030, 522, 569, 0, 1
16.1290, 522, 569, 0, 1
16.1550, 522, 568, 0, 1
16.1810, 523, 567, 0, 1
16.2060, 522, 567, 0, 1
16.2330, 522, 567, 0, 1
16.2590, 522, 566, 0, 1
16.2840, 520, 566, 0, 1
16.3110, 519, 567, 0, 1
16.3360, 516, 567, 0, 1
16.3630, 513, 570, 0, 1
16.3890, 509, 569, 0, 1
16.4140, 504, 571, 0, 1
16.4410, 500, 573, 0, 1
16.4670, 497, 574, 0, 1
16.4930, 496, 577, 0, 1
16.5190, 495, 584, 0, 1
16.5440, 495, 576, 0, 1
16.5710, 495, 577, 0, 1
16.5970, 496, 577, 0, 1
16.6230, 497, 577, 0, 1
16.6490, 499, 578, 0, 1
16.6740, 502, 575, 0, 1
16.7010, 505, 575, 0, 1
16.7270, 505, 573, 0, 1
16.7520, 504, 573, 0, 1
16.7790, 503, 573, 0, 1
16.8040, 501, 574, 0, 1
16.8310, 499, 579, 0, 1
16.8570, 497, 577, 0, 1
16.8820, 496, 580, 0, 1
16.9090, 494, 580, 0, 1
16.9340, 494, 580, 0, 1
16.9610, 489, 583, 0, 1
16.9870, 481, 585, 0, 1
17.0120, 475, 597, 0, 0
17.0390, 474, 599, 0, 0
17.0650, 470, 603, 0, 0
17.0910, 468, 600, 0, 0
17.1170, 468, 600, 0, 0
17.1420, 468, 601, 0, 0
17.1690, 468, 601, 0, 0
17.1950, 466, 601, 0, 0
17.2210, 464, 602, 0, 0
17.2470, 463, 604, 0, 0
17.2720, 461, 605, 0, 0
17.2990, 460, 607, 0, 0
17.3250, 460, 609, 0, 0
17.3500, 460, 607, 0, 0
17.3770, 460, 607, 0, 0
17.4020, 460, 608, 0, 0
17.4290, 461, 608, 0, 0
17.4550, 461, 608, 0, 0
17.4800, 462, 608, 0, 0
17.5070, 462, 608, 0, 0
17.5330, 461, 609, 0, 0
17.5590, 461, 610, 0, 0
17.5850, 460, 610, 0, 0
17.6100, 459, 611, 0, 0
17.6370, 459, 612, 0, 0
17.6630, 459, 612, 0, 0
17.6890, 459, 613, 0, 0
17.7150, 459, 614, 0, 0
17.7400, 460, 617, 0, 0
17.7670, 459, 616, 0, 0
17.7930, 459, 617, 0, 0
17.8190, 460, 617, 0, 0
17.8450, 460, 618, 0, 0
Trial 1 ended
Trial 2 started
time, up, down, lbl_up, lbl_down
0.0000, 488, 602, 0, 0
0.0100, 487, 601, 0, 0
0.0360, 486, 600, 0, 0
0.0600, 485, 600, 0, 0
0.0850, 484, 599, 0, 0
0.1100, 483, 598, 0, 0
0.1350, 481, 597, 0, 0
0.1590, 482, 598, 0, 0
0.1850, 480, 596, 0, 0
0.2100, 480, 595, 0, 0
0.2350, 480, 596, 0, 0
0.2600, 480, 595, 0, 0
0.2840, 481, 595, 0, 0
0.3100, 483, 595, 0, 0
0.3350, 484, 595, 0, 0
0.3590, 485, 595, 0, 0
0.3850, 485, 595, 0, 0
0.4090, 486, 595, 0, 0
0.4350, 486, 594, 0, 0
0.4600, 486, 596, 0, 0
0.4840, 487, 595, 0, 0
0.5100, 486, 596, 0, 0
0.5340, 486, 596, 0, 0
0.5590, 485, 596, 0, 0
0.5840, 485, 597, 0, 0
0.6090, 485, 598, 0, 0
0.6350, 485, 598, 0, 0
0.6590, 486, 597, 0, 0
0.6840, 486, 596, 0, 0
0.7090, 487, 596, 0, 0
0.7340, 487, 597, 0, 0
0.7590, 489, 595, 0, 0
0.7840, 489, 594, 0, 0
0.8090, 489, 595, 0, 0
0.8340, 488, 595, 0, 0
0.8590, 487, 594, 0, 0
0.8830, 486, 595, 0, 0
0.9090, 484, 595, 0, 0
0.9340, 483, 596, 0, 0
0.9580, 480, 596, 0, 0
0.9840, 479, 596, 0, 0
1.0080, 478, 596, 0, 0
1.0340, 477, 596, 0, 0
1.0590, 477, 596, 0, 0
1.0830, 478, 597, 0, 0
1.1090, 478, 596, 0, 0
1.1330, 479, 596, 0, 0
1.1580, 479, 597, 0, 0
1.1830, 481, 596, 0, 0
1.2080, 481, 597, 0, 0
1.2340, 481, 597, 0, 0
1.2580, 482, 598, 0, 0
1.2830, 482, 598, 0, 0
1.3080, 482, 599, 0, 0
1.3330, 482, 599, 0, 0
1.3580, 482, 599, 0, 0
1.3830, 482, 599, 0, 0
1.4080, 482, 599, 0, 0
1.4330, 482, 599, 0, 0
1.4580, 482, 600, 0, 0
1.4820, 482, 600, 0, 0
1.5080, 482, 600, 0, 0
1.5330, 483, 600, 0, 0
1.5570, 484, 600, 0, 0
1.5830, 486, 599, 0, 0
1.6070, 487, 599, 0, 0
1.6330, 488, 599, 0, 0
1.6580, 490, 598, 0, 0
1.6820, 492, 597, 0, 0
1.7080, 492, 597, 0, 0
1.7320, 494, 596, 0, 0
1.7570, 495, 595, 0, 0
1.7830, 496, 596, 0, 0
1.8070, 496, 596, 0, 0
1.8330, 496, 595, 0, 0
1.8570, 497, 596, 0, 0
1.8820, 496, 597, 0, 0
1.9070, 497, 597, 0, 0
1.9320, 497, 597, 0, 0
1.9570, 497, 597, 0, 0
1.9820, 496, 597, 0, 0
2.0070, 497, 598, 0, 0
2.0320, 497, 597, 0, 0
2.0570, 496, 598, 0, 0
2.0820, 496, 598, 0, 0
2.1070, 496, 598, 0, 0
2.1320, 495, 598, 0, 0
2.1560, 493, 599, 0, 0
2.1820, 491, 600, 0, 0
2.2060, 489, 601, 0, 0
2.2320, 488, 602, 0, 0
2.2570, 486, 602, 0, 0
2.2810, 485, 602, 0, 0
2.3070, 484, 602, 0, 0
2.3310, 484, 602, 0, 0
2.3560, 484, 603, 0, 0
2.3820, 484, 602, 0, 0
2.4060, 486, 602, 0, 0
2.4320, 487, 602, 0, 0
2.4560, 489, 600, 0, 0
2.4810, 490, 600, 0, 0
2.5060, 491, 600, 0, 0
2.5310, 491, 599, 0, 0
2.5560, 490, 599, 0, 0
2.5810, 490, 599, 0, 0
2.6060, 489, 599, 0, 0
2.6310, 487, 598, 0, 0
2.6560, 487, 598, 0, 0
2.6810, 486, 598, 0, 0
2.7060, 485, 598, 0, 0
2.7310, 484, 597, 0, 0
2.7550, 483, 596, 0, 0
2.7810, 482, 597, 0, 0
2.8050, 481, 596, 0, 0
2.8310, 480, 596, 0, 0
2.8560, 479, 596, 0, 0
2.8800, 477, 597, 0, 0
2.9060, 477, 597, 0, 0
2.9300, 476, 598, 0, 0
2.9550, 476, 598, 0, 0
2.9810, 476, 598, 0, 0
3.0050, 475, 599, 0, 0
3.0310, 474, 599, 0, 0
3.0550, 474, 599, 0, 0
3.0800, 474, 600, 0, 0
3.1060, 474, 600, 0, 0
3.1300, 476, 601, 0, 0
3.1550, 476, 601, 0, 0
3.1800, 475, 601, 0, 0
3.2050, 475, 601, 0, 0
3.2300, 476, 602, 0, 0
3.2550, 474, 602, 0, 0
3.2800, 475, 602, 0, 0
3.3050, 475, 602, 0, 0
3.3300, 476, 602, 0, 0
3.3540, 478, 602, 0, 0
3.3800, 479, 602, 0, 0
3.4050, 479, 603, 0, 0
3.4300, 479, 602, 0, 0
3.4550, 481, 602, 0, 0
3.4790, 481, 602, 0, 0
3.5050, 482, 601, 0, 0
3.5290, 482, 601, 0, 0
3.5540, 483, 600, 0, 0
3.5800, 483, 600, 0, 0
3.6040, 483, 600, 0, 0
3.6300, 483, 600, 0, 0
3.6540, 484, 600, 0, 0
3.6790, 483, 601, 0, 0
3.7050, 482, 601, 0, 0
3.7290, 482, 602, 0, 0
3.7540, 482, 601, 0, 0
3.7790, 482, 602, 0, 0
3.8040, 483, 602, 0, 0
3.8290, 484, 602, 0, 0
3.8540, 483, 602, 0, 0
3.8790, 484, 601, 0, 0
3.9040, 485, 600, 0, 0
3.9290, 486, 600, 0, 0
3.9530, 486, 600, 0, 0
3.9790, 486, 600, 0, 0
4.0040, 486, 600, 0, 0
4.0290, 484, 601, 0, 0
4.0540, 482, 602, 0, 0
4.0780, 481, 602, 0, 0
4.1040, 480, 603, 0, 0
4.1290, 479, 603, 0, 0
4.1530, 479, 604, 0, 0
4.1790, 479, 603, 0, 0
4.2030, 479, 603, 0, 0
4.2290, 480, 604, 0, 0
4.2530, 481, 603, 0, 0
4.2780, 482, 602, 0, 0
4.3040, 484, 601, 0, 0
4.3280, 485, 600, 0, 0
4.3530, 486, 600, 0, 0
4.3780, 487, 599, 0, 0
4.4030, 487, 599, 0, 0
4.4290, 487, 600, 0, 0
4.4530, 487, 599, 0, 0
4.4780, 486, 600, 0, 0
4.5030, 486, 599, 0, 0
4.5280, 485, 599, 0, 0
4.5520, 485, 597, 0, 0
4.5780, 484, 597, 0, 0
4.6030, 483, 597, 0, 0
4.6280, 482, 596, 0, 0
4.6530, 481, 596, 0, 0
4.6770, 478, 596, 0, 0
4.7030, 476, 596, 0, 0
4.7280, 474, 597, 0, 0
4.7520, 473, 597, 0, 0
4.7780, 474, 597, 0, 0
4.8020, 475, 597, 0, 0
4.8280, 475, 598, 0, 0
4.8520, 476, 597, 0, 0
4.8770, 477, 597, 0, 0
4.9030, 478, 597, 0, 0
4.9270, 479, 597, 0, 0
4.9520, 480, 596, 0, 0
4.9770, 479, 596, 0, 0
5.0020, 479, 597, 0, 0
5.0280, 479, 597, 0, 0
5.0520, 477, 597, 0, 0
5.0770, 476, 598, 0, 0
5.1020, 475, 599, 0, 0
5.1270, 475, 599, 0, 0
5.1510, 476, 600, 0, 0
5.1770, 477, 599, 0, 0
5.2020, 478, 599, 0, 0
5.2270, 479, 599, 0, 0
5.2520, 481, 599, 0, 0
5.2760, 480, 599, 0, 0
5.3020, 479, 598, 0, 0
5.3270, 480, 598, 0, 0
5.3510, 482, 598, 0, 0
5.3770, 482, 598, 0, 0
5.4010, 483, 598, 0, 0
5.4270, 484, 599, 0, 0
5.4520, 484, 598, 0, 0
5.4760, 484, 599, 0, 0
5.5020, 484, 599, 0, 0
5.5260, 485, 599, 0, 0
5.5510, 485, 599, 0, 0
5.5760, 485, 599, 0, 0
5.6010, 485, 599, 0, 0
5.6270, 485, 599, 0, 0
5.6510, 485, 599, 0, 0
5.6760, 485, 600, 0, 0
5.7010, 485, 600, 0, 0
5.7260, 485, 600, 0, 0
5.7510, 485, 600, 0, 0
5.7760, 484, 600, 0, 0
5.8010, 483, 600, 0, 0
5.8260, 482, 601, 0, 0
5.8510, 481, 601, 0, 0
5.8750, 482, 601, 0, 0
5.9010, 481, 601, 0, 0
5.9260, 481, 601, 0, 0
5.9500, 482, 600, 0, 0
5.9760, 483, 600, 0, 0
6.0000, 484, 600, 0, 0
6.0260, 485, 599, 0, 0
6.0510, 486, 598, 0, 0
6.0750, 489, 596, 0, 0
6.1010, 490, 594, 0, 0
6.1250, 492, 593, 0, 0
6.1500, 494, 593, 0, 0
6.1750, 495, 592, 0, 0
6.2000, 496, 591, 0, 1
6.2260, 498, 590, 0, 1
6.2500, 499, 589, 0, 1
6.2750, 499, 578, 0, 1
6.3000, 500, 574, 0, 1
6.3250, 500, 574, 0, 1
6.3500, 500, 573, 0, 1
6.3750, 501, 572, 0, 1
6.4000, 500, 570, 0, 1
6.4250, 500, 569, 0, 1
6.4500, 500, 570, 0, 1
6.4740, 499, 568, 0, 1
6.5000, 499, 569, 0, 1
6.5250, 499, 568, 0, 1
6.5490, 499, 569, 0, 1
6.5750, 499, 571, 0, 1
6.5990, 499, 569, 0, 1
6.6250, 500, 569, 0, 1
6.6500, 501, 571, 0, 1
6.6740, 501, 568, 0, 1
6.7000, 501, 569, 0, 1
6.7240, 501, 571, 0, 1
6.7490, 501, 569, 0, 1
6.7750, 501, 573, 0, 1
6.7990, 501, 573, 0, 1
6.8250, 500, 573, 0, 1
6.8490, 497, 575, 0, 1
6.8740, 497, 579, 0, 1
6.8990, 496, 577, 0, 1
6.9240, 495, 579, 0, 1
6.9490, 495, 579, 0, 1
6.9740, 495, 590, 0, 1
6.9990, 494, 591, 0, 1
7.0240, 494, 581, 0, 1
7.0490, 494, 581, 0, 1
7.0740, 493, 591, 0, 1
7.0990, 493, 591, 0, 1
7.1240, 495, 582, 0, 1
7.1480, 495, 582, 0, 1
7.1740, 494, 582, 0, 1
7.1980, 493, 593, 0, 0
7.2240, 493, 593, 0, 0
7.2490, 493, 593, 0, 0
7.2730, 494, 593, 0, 0
7.2990, 494, 593, 0, 0
7.3230, 494, 593, 0, 0
7.3480, 494, 593, 0, 0
7.3740, 494, 593, 0, 0
7.3980, 493, 594, 0, 0
7.4240, 492, 594, 0, 0
7.4480, 490, 595, 0, 0
7.4730, 489, 596, 0, 0
7.4980, 488, 597, 0, 0
7.5230, 487, 598, 0, 0
7.5480, 486, 598, 0, 0
7.5730, 486, 598, 0, 0
7.5980, 486, 599, 0, 0
7.6230, 486, 599, 0, 0
7.6480, 486, 599, 0, 0
7.6730, 486, 599, 0, 0
7.6980, 485, 599, 0, 0
7.7230, 485, 599, 0, 0
7.7470, 484, 599, 0, 0
7.7730, 483, 600, 0, 0
7.7970, 480, 600, 0, 0
7.8230, 477, 600, 0, 0
7.8480, 474, 601, 0, 0
7.8720, 470, 602, 0, 0
7.8980, 465, 604, 0, 0
7.9220, 461, 605, 0, 0
7.9470, 458, 606, 0, 0
7.9730, 455, 608, 0, 0
7.9970, 453, 609, 0, 0
8.0230, 451, 609, 0, 0
8.0470, 449, 609, 0, 0
8.0720, 448, 610, 0, 0
8.0980, 448, 610, 0, 0
8.1220, 448, 610, 0, 0
8.1470, 449, 610, 0, 0
8.1720, 450, 610, 0, 0
8.1970, 452, 609, 0, 0
8.2220, 454, 609, 0, 0
8.2470, 456, 609, 0, 0
8.2720, 458, 609, 0, 0
8.2970, 459, 608, 0, 0
8.3220, 460, 608, 0, 0
8.3460, 461, 608, 0, 0
8.3720, 462, 608, 0, 0
8.3970, 462, 607, 0, 0
8.4220, 464, 608, 0, 0
8.4470, 465, 606, 0, 0
8.4710, 463, 606, 0, 0
8.4970, 464, 606, 0, 0
8.5210, 466, 605, 0, 0
8.5460, 467, 604, 0, 0
8.5720, 469, 603, 0, 0
8.5960, 471, 603, 0, 0
8.6220, 471, 602, 0, 0
8.6460, 473, 601, 0, 0
8.6710, 475, 600, 0, 0
8.6970, 476, 600, 0, 0
8.7210, 476, 600, 0, 0
8.7460, 477, 599, 0, 0
8.7710, 479, 599, 0, 0
8.7960, 479, 599, 0, 0
8.8210, 479, 600, 0, 0
8.8460, 479, 600, 0, 0
8.8710, 480, 601, 0, 0
8.8960, 480, 600, 0, 0
8.9210, 481, 600, 0, 0
8.9450, 481, 600, 0, 0
8.9710, 482, 599, 0, 0
8.9960, 483, 599, 0, 0
9.0210, 483, 599, 0, 0
9.0460, 483, 599, 0, 0
9.0700, 484, 598, 0, 0
9.0960, 484, 598, 0, 0
9.1210, 484, 598, 0, 0
9.1450, 485, 598, 0, 0
9.1710, 484, 599, 0, 0
9.1950, 484, 600, 0, 0
9.2210, 483, 600, 0, 0
9.2450, 482, 601, 0, 0
9.2700, 481, 601, 0, 0
9.2960, 480, 602, 0, 0
9.3200, 480, 603, 0, 0
9.3450, 479, 604, 0, 0
9.3700, 478, 604, 0, 0
9.3950, 478, 604, 0, 0
9.4210, 478, 604, 0, 0
9.4450, 479, 604, 0, 0
9.4700, 480, 603, 0, 0
9.4950, 481, 602, 0, 0
9.5200, 483, 601, 0, 0
9.5440, 485, 600, 0, 0
9.5700, 486, 599, 0, 0
9.5950, 487, 598, 0, 0
9.6200, 488, 597, 0, 0
9.6450, 488, 597, 0, 0
9.6690, 488, 596, 0, 0
9.6950, 487, 596, 0, 0
9.7200, 487, 596, 0, 0
9.7440, 486, 596, 0, 0
9.7700, 484, 597, 0, 0
9.7940, 484, 596, 0, 0
9.8200, 483, 597, 0, 0
9.8440, 483, 596, 0, 0
9.8690, 482, 596, 0, 0
9.8950, 482, 596, 0, 0
9.9190, 482, 595, 0, 0
9.9440, 483, 595, 0, 0
9.9690, 483, 595, 0, 0
9.9940, 484, 595, 0, 0
10.0200, 485, 594, 0, 0
10.0450, 486, 593, 0, 0
10.0710, 487, 593, 0, 0
10.0970, 488, 593, 0, 0
10.1230, 489, 593, 0, 0
10.1490, 489, 593, 0, 0
10.1750, 489, 593, 0, 0
10.2010, 488, 594, 0, 0
10.2270, 486, 595, 0, 0
10.2530, 485, 596, 0, 0
10.2790, 484, 597, 0, 0
10.3050, 482, 597, 0, 0
10.3310, 483, 598, 0, 0
10.3570, 483, 598, 0, 0
10.3830, 483, 599, 0, 0
10.4090, 485, 598, 0, 0
10.4350, 486, 598, 0, 0
10.4610, 486, 598, 0, 0
10.4880, 487, 596, 0, 0
10.5130, 489, 595, 0, 0
10.5390, 488, 596, 0, 0
10.5650, 489, 596, 0, 0
10.5910, 490, 595, 0, 0
10.6180, 491, 595, 0, 0
10.6430, 491, 596, 0, 0
10.6690, 491, 596, 0, 0
10.6950, 491, 597, 0, 0
10.7210, 491, 597, 0, 0
10.7470, 491, 598, 0, 0
10.7730, 490, 598, 0, 0
10.7990, 490, 599, 0, 0
10.8250, 489, 599, 0, 0
10.8510, 488, 600, 0, 0
10.8770, 486, 600, 0, 0
10.9030, 485, 601, 0, 0
10.9290, 483, 602, 0, 0
10.9560, 483, 602, 0, 0
10.9810, 482, 602, 0, 0
11.0070, 482, 601, 0, 0
11.0330, 482, 601, 0, 0
11.0590, 482, 600, 0, 0
11.0860, 484, 599, 0, 0
11.1110, 485, 599, 0, 0
11.1370, 487, 599, 0, 0
11.1630, 488, 598, 0, 0
11.1890, 489, 597, 0, 0
11.2160, 489, 597, 0, 0
11.2410, 490, 597, 0, 0
11.2670, 490, 597, 0, 0
11.2930, 490, 596, 0, 0
11.3190, 490, 596, 0, 0
11.3450, 491, 595, 0, 0
11.3710, 491, 594, 0, 0
11.3970, 491, 593, 0, 0
11.4230, 491, 592, 0, 0
11.4490, 492, 590, 0, 1
11.4750, 492, 578, 0, 1
11.5010, 492, 577, 0, 1
11.5270, 492, 577, 0, 1
11.5540, 493, 575, 0, 1
11.5790, 493, 575, 0, 1
11.6050, 493, 576, 0, 1
11.6310, 493, 576, 0, 1
11.6570, 494, 575, 0, 1
11.6840, 494, 576, 0, 1
11.7090, 495, 577, 0, 1
11.7350, 495, 577, 0, 1
11.7610, 495, 577, 0, 1
11.7870, 496, 577, 0, 1
11.8130, 495, 579, 0, 1
11.8390, 495, 579, 0, 1
11.8650, 495, 579, 0, 1
11.8910, 495, 580, 0, 1
11.9170, 493, 591, 0, 1
11.9430, 493, 591, 0, 1
11.9690, 493, 584, 0, 1
11.9950, 492, 585, 0, 1
12.0210, 491, 593, 0, 0
12.0470, 492, 593, 0, 0
12.0730, 491, 594, 0, 0
12.0990, 491, 595, 0, 0
12.1250, 491, 595, 0, 0
12.1520, 490, 595, 0, 0
12.1770, 489, 596, 0, 0
12.2030, 489, 596, 0, 0
12.2290, 488, 597, 0, 0
12.2550, 488, 597, 0, 0
12.2820, 488, 598, 0, 0
12.3070, 487, 598, 0, 0
12.3330, 486, 598, 0, 0
12.3590, 486, 598, 0, 0
12.3850, 485, 598, 0, 0
12.4110, 484, 599, 0, 0
12.4370, 484, 599, 0, 0
12.4630, 483, 600, 0, 0
12.4890, 482, 600, 0, 0
12.5150, 482, 601, 0, 0
12.5410, 481, 601, 0, 0
12.5670, 481, 601, 0, 0
12.5930, 481, 601, 0, 0
12.6200, 481, 601, 0, 0
12.6450, 481, 601, 0, 0
12.6710, 482, 601, 0, 0
12.6970, 482, 600, 0, 0
12.7230, 482, 600, 0, 0
12.7500, 483, 599, 0, 0
12.7750, 484, 599, 0, 0
12.8010, 486, 598, 0, 0
12.8270, 487, 598, 0, 0
12.8530, 488, 597, 0, 0
12.8800, 489, 596, 0, 0
12.9050, 490, 596, 0, 0
12.9310, 490, 595, 0, 0
12.9570, 491, 595, 0, 0
12.9830, 491, 595, 0, 0
13.0090, 492, 594, 0, 0
13.0350, 492, 593, 0, 0
13.0610, 493, 592, 0, 0
13.0870, 493, 592, 0, 0
13.1130, 493, 591, 0, 1
13.1390, 493, 591, 0, 1
13.1650, 494, 590, 0, 1
13.1910, 493, 579, 0, 1
13.2180, 492, 580, 0, 1
13.2430, 493, 589, 0, 1
13.2690, 494, 587, 0, 1
13.2950, 494, 578, 0, 1
13.3210, 495, 576, 0, 1
13.3480, 496, 575, 0, 1
13.3730, 497, 576, 0, 1
13.3990, 497, 575, 0, 1
13.4250, 497, 576, 0, 1
13.4510, 496, 588, 0, 1
13.4770, 495, 578, 0, 1
13.5030, 494, 580, 0, 1
13.5290, 494, 581, 0, 1
13.5550, 493, 591, 0, 1
13.5810, 492, 592, 0, 0
13.6070, 492, 594, 0, 0
13.6330, 492, 594, 0, 0
13.6590, 492, 594, 0, 0
13.6850, 492, 594, 0, 0
13.7110, 491, 594, 0, 0
13.7370, 491, 594, 0, 0
13.7630, 491, 594, 0, 0
13.7890, 492, 595, 0, 0
13.8160, 492, 595, 0, 0
13.8410, 492, 595, 0, 0
13.8670, 492, 595, 0, 0
13.8930, 492, 595, 0, 0
13.9190, 492, 595, 0, 0
13.9460, 492, 595, 0, 0
13.9710, 493, 595, 0, 0
13.9970, 493, 595, 0, 0
14.0230, 492, 595, 0, 0
14.0490, 492, 595, 0, 0
14.0750, 492, 596, 0, 0
14.1010, 491, 596, 0, 0
14.1270, 491, 596, 0, 0
14.1530, 490, 597, 0, 0
14.1790, 488, 598, 0, 0
14.2050, 487, 598, 0, 0
14.2310, 486, 598, 0, 0
14.2570, 485, 599, 0, 0
14.2840, 484, 600, 0, 0
14.3090, 484, 600, 0, 0
14.3350, 484, 600, 0, 0
14.3610, 484, 600, 0, 0
14.3870, 485, 600, 0, 0
14.4140, 486, 599, 0, 0
14.4390, 486, 599, 0, 0
14.4650, 487, 599, 0, 0
14.4910, 487, 599, 0, 0
14.5170, 487, 599, 0, 0
14.5440, 489, 599, 0, 0
14.5690, 490, 599, 0, 0
14.5950, 490, 599, 0, 0
14.6210, 490, 597, 0, 0
14.6470, 491, 597, 0, 0
14.6730, 492, 596, 0, 0
14.6990, 492, 595, 0, 0
14.7250, 492, 594, 0, 0
14.7510, 493, 593, 0, 0
14.7770, 493, 594, 0, 0
14.8030, 493, 593, 0, 0
14.8290, 494, 592, 0, 0
14.8550, 494, 592, 0, 0
14.8820, 495, 590, 0, 1
14.9070, 496, 578, 0, 1
14.9330, 496, 578, 0, 1
14.9590, 496, 579, 0, 1
14.9850, 497, 588, 0, 1
15.0120, 497, 577, 0, 1
15.0370, 498, 578, 0, 1
15.0630, 499, 576, 0, 1
15.0890, 500, 586, 0, 1
15.1150, 500, 576, 0, 1
15.1410, 500, 577, 0, 1
15.1670, 500, 576, 0, 1
15.1930, 499, 587, 0, 1
15.2190, 498, 579, 0, 1
15.2450, 496, 581, 0, 1
15.2710, 495, 581, 0, 1
15.2970, 494, 592, 0, 0
15.3230, 493, 593, 0, 0
15.3490, 493, 594, 0, 0
15.3750, 493, 595, 0, 0
15.4010, 492, 595, 0, 0
15.4270, 492, 595, 0, 0
15.4530, 492, 595, 0, 0
15.4800, 492, 595, 0, 0
15.5050, 492, 595, 0, 0
15.5310, 492, 595, 0, 0
15.5570, 492, 595, 0, 0
15.5830, 492, 596, 0, 0
15.6100, 492, 596, 0, 0
15.6350, 491, 597, 0, 0
15.6610, 491, 597, 0, 0
15.6870, 492, 597, 0, 0
15.7130, 491, 597, 0, 0
15.7390, 491, 597, 0, 0
15.7650, 491, 597, 0, 0
15.7910, 491, 597, 0, 0
15.8170, 491, 596, 0, 0
15.8430, 491, 597, 0, 0
15.8690, 491, 597, 0, 0
15.8950, 490, 597, 0, 0
15.9210, 488, 597, 0, 0
15.9480, 486, 598, 0, 0
15.9730, 485, 599, 0, 0
15.9990, 483, 599, 0, 0
16.0250, 481, 600, 0, 0
16.0510, 478, 601, 0, 0
16.0780, 477, 601, 0, 0
16.1030, 475, 602, 0, 0
16.1290, 474, 602, 0, 0
16.1550, 475, 602, 0, 0
16.1810, 475, 602, 0, 0
16.2080, 476, 602, 0, 0
16.2330, 478, 602, 0, 0
16.2590, 479, 601, 0, 0
16.2850, 480, 600, 0, 0
16.3110, 482, 600, 0, 0
16.3370, 483, 600, 0, 0
16.3630, 484, 599, 0, 0
16.3890, 485, 599, 0, 0
16.4150, 485, 599, 0, 0
16.4410, 486, 598, 0, 0
16.4670, 486, 597, 0, 0
16.4930, 487, 596, 0, 0
16.5190, 488, 594, 0, 0
16.5460, 489, 593, 0, 0
16.5710, 491, 590, 0, 1
16.5970, 493, 588, 0, 1
16.6230, 494, 585, 0, 1
16.6490, 497, 572, 0, 1
16.6760, 497, 574, 0, 1
16.7010, 498, 573, 0, 1
16.7270, 499, 573, 0, 1
16.7530, 498, 576, 0, 1
16.7790, 497, 574, 0, 1
16.8050, 496, 574, 0, 1
16.8310, 496, 574, 0, 1
16.8570, 496, 573, 0, 1
16.8830, 498, 572, 0, 1
16.9090, 499, 571, 0, 1
16.9350, 500, 571, 0, 1
16.9610, 502, 568, 0, 1
16.9870, 502, 569, 0, 1
17.0130, 502, 571, 0, 1
17.0390, 500, 573, 0, 1
17.0650, 498, 575, 0, 1
17.0910, 496, 578, 0, 1
17.1170, 493, 582, 0, 1
17.1440, 493, 581, 0, 1
17.1690, 492, 583, 0, 1
17.1950, 492, 585, 0, 1
17.2210, 492, 593, 0, 0
17.2470, 493, 593, 0, 0
17.2740, 492, 594, 0, 0
17.2990, 492, 595, 0, 0
17.3250, 492, 595, 0, 0
17.3510, 491, 595, 0, 0
17.3770, 490, 596, 0, 0
17.4030, 489, 596, 0, 0
17.4290, 488, 597, 0, 0
17.4550, 486, 597, 0, 0
17.4810, 485, 597, 0, 0
17.5070, 483, 598, 0, 0
17.5330, 482, 598, 0, 0
17.5590, 481, 598, 0, 0
17.5850, 481, 598, 0, 0
17.6120, 480, 598, 0, 0
17.6370, 480, 598, 0, 0
17.6630, 478, 598, 0, 0
17.6890, 477, 599, 0, 0
17.7150, 475, 600, 0, 0
17.7420, 474, 601, 0, 0
17.7670, 473, 601, 0, 0
17.7930, 471, 602, 0, 0
17.8190, 471, 603, 0, 0
17.8450, 471, 603, 0, 0
Trial 2 ended
Trial 3 started
time, up, down, lbl_up, lbl_down
0.0000, 488, 598, 0, 0
0.0100, 488, 599, 0, 0
0.0350, 488, 599, 0, 0
0.0590, 489, 598, 0, 0
0.0850, 492, 597, 0, 0
0.1090, 494, 596, 0, 0
0.1350, 496, 595, 0, 0
0.1600, 499, 593, 0, 0
0.1840, 500, 593, 0, 0
0.2100, 502, 593, 0, 0
0.2340, 503, 600, 0, 0
0.2590, 505, 591, 0, 1
0.2850, 506, 580, 0, 1
0.3090, 507, 579, 0, 1
0.3350, 509, 580, 0, 1
0.3590, 509, 590, 0, 1
0.3840, 509, 591, 0, 1
0.4090, 511, 580, 0, 1
0.4340, 511, 580, 0, 1
0.4590, 510, 591, 0, 1
0.4840, 509, 591, 0, 1
0.5090, 508, 581, 0, 1
0.5340, 507, 581, 0, 1
0.5590, 506, 583, 0, 1
0.5840, 506, 591, 0, 1
0.6090, 505, 580, 0, 1
0.6340, 505, 580, 0, 1
0.6580, 505, 579, 0, 1
0.6840, 504, 588, 0, 1
0.7080, 504, 578, 0, 1
0.7340, 504, 577, 0, 1
0.7590, 504, 578, 0, 1
0.7830, 504, 587, 0, 1
0.8090, 504, 578, 0, 1
0.8330, 504, 579, 0, 1
0.8580, 504, 579, 0, 1
0.8840, 504, 589, 0, 1
0.9080, 503, 590, 0, 1
0.9340, 504, 581, 0, 1
0.9580, 504, 583, 0, 1
0.9830, 504, 592, 0, 0
1.0080, 504, 592, 0, 0
1.0330, 505, 592, 0, 0
1.0580, 504, 593, 0, 0
1.0830, 505, 593, 0, 0
1.1080, 505, 594, 0, 0
1.1330, 505, 594, 0, 0
1.1580, 505, 594, 0, 0
1.1830, 506, 594, 0, 0
1.2080, 506, 595, 0, 0
1.2330, 506, 595, 0, 0
1.2570, 507, 595, 0, 0
1.2830, 507, 595, 0, 0
1.3070, 507, 595, 0, 0
1.3330, 508, 594, 0, 0
1.3580, 507, 595, 0, 0
1.3820, 507, 596, 0, 0
1.4080, 506, 596, 0, 0
1.4320, 503, 598, 0, 0
1.4570, 501, 600, 0, 0
1.4830, 499, 602, 0, 0
1.5070, 497, 604, 0, 0
1.5330, 495, 606, 0, 0
1.5570, 493, 607, 0, 0
1.5820, 492, 608, 0, 0
1.6080, 493, 608, 0, 0
1.6320, 494, 608, 0, 0
1.6570, 494, 608, 0, 0
1.6820, 495, 607, 0, 0
1.7070, 495, 608, 0, 0
1.7320, 495, 607, 0, 0
1.7570, 494, 607, 0, 0
1.7820, 495, 607, 0, 0
1.8070, 494, 607, 0, 0
1.8320, 493, 607, 0, 0
1.8560, 492, 606, 0, 0
1.8820, 491, 606, 0, 0
1.9070, 490, 606, 0, 0
1.9320, 488, 605, 0, 0
1.9570, 488, 605, 0, 0
1.9810, 486, 605, 0, 0
2.0070, 485, 604, 0, 0
2.0310, 484, 604, 0, 0
2.0560, 483, 603, 0, 0
2.0820, 482, 602, 0, 0
2.1060, 484, 601, 0, 0
2.1320, 485, 600, 0, 0
2.1560, 485, 600, 0, 0
2.1810, 486, 599, 0, 0
2.2070, 488, 599, 0, 0
2.2310, 489, 599, 0, 0
2.2560, 489, 600, 0, 0
2.2810, 489, 600, 0, 0
2.3060, 489, 601, 0, 0
2.3310, 489, 602, 0, 0
2.3560, 489, 604, 0, 0
2.3810, 489, 604, 0, 0
2.4060, 490, 606, 0, 0
2.4310, 490, 605, 0, 0
2.4550, 490, 606, 0, 0
2.4810, 489, 607, 0, 0
2.5060, 489, 607, 0, 0
2.5310, 490, 607, 0, 0
2.5560, 490, 607, 0, 0
2.5800, 491, 607, 0, 0
2.6060, 491, 607, 0, 0
2.6310, 492, 607, 0, 0
2.6550, 494, 610, 0, 0
2.6810, 495, 610, 0, 0
2.7050, 496, 609, 0, 0
2.7310, 498, 608, 0, 0
2.7550, 499, 607, 0, 0
2.7800, 500, 607, 0, 0
2.8060, 501, 606, 0, 0
2.8300, 502, 606, 0, 0
2.8550, 503, 605, 0, 0
2.8800, 504, 606, 0, 0
2.9050, 504, 602, 0, 0
2.9310, 505, 602, 0, 0
2.9550, 505, 603, 0, 0
2.9800, 504, 603, 0, 0
3.0050, 504, 603, 0, 0
3.0300, 504, 604, 0, 0
3.0540, 502, 605, 0, 0
3.0800, 500, 606, 0, 0
3.1050, 498, 607, 0, 0
3.1300, 496, 608, 0, 0
3.1550, 494, 608, 0, 0
3.1790, 494, 609, 0, 0
3.2050, 493, 609, 0, 0
3.2300, 493, 609, 0, 0
3.2540, 492, 610, 0, 0
3.2800, 493, 610, 0, 0
3.3040, 493, 609, 0, 0
3.3300, 494, 609, 0, 0
3.3540, 495, 609, 0, 0
3.3790, 496, 608, 0, 0
3.4050, 497, 607, 0, 0
3.4290, 498, 606, 0, 0
3.4540, 498, 606, 0, 0
3.4790, 497, 606, 0, 0
3.5040, 496, 606, 0, 0
3.5300, 494, 606, 0, 0
3.5540, 492, 606, 0, 0
3.5790, 490, 606, 0, 0
3.6040, 489, 605, 0, 0
3.6290, 488, 605, 0, 0
3.6530, 488, 604, 0, 0
3.6790, 488, 603, 0, 0
3.7040, 487, 603, 0, 0
3.7290, 486, 603, 0, 0
3.7540, 487, 603, 0, 0
3.7780, 488, 603, 0, 0
3.8040, 489, 603, 0, 0
3.8290, 490, 603, 0, 0
3.8530, 490, 603, 0, 0
3.8790, 490, 603, 0, 0
3.9030, 490, 604, 0, 0
3.9290, 489, 605, 0, 0
3.9540, 487, 606, 0, 0
3.9780, 487, 606, 0, 0
4.0040, 485, 607, 0, 0
4.0280, 484, 608, 0, 0
4.0530, 483, 609, 0, 0
4.0780, 482, 609, 0, 0
4.1030, 480, 611, 0, 0
4.1290, 479, 611, 0, 0
4.1530, 481, 611, 0, 0
4.1780, 481, 612, 0, 0
4.2030, 480, 612, 0, 0
4.2280, 481, 611, 0, 0
4.2530, 481, 612, 0, 0
4.2780, 481, 612, 0, 0
4.3030, 482, 611, 0, 0
4.3280, 483, 611, 0, 0
4.3530, 484, 611, 0, 0
4.3770, 485, 611, 0, 0
4.4030, 486, 611, 0, 0
4.4280, 488, 611, 0, 0
4.4520, 488, 610, 0, 0
4.4780, 489, 610, 0, 0
4.5020, 489, 611, 0, 0
4.5280, 489, 610, 0, 0
4.5530, 488, 611, 0, 0
4.5770, 488, 612, 0, 0
4.6030, 487, 612, 0, 0
4.6270, 485, 612, 0, 0
4.6520, 483, 613, 0, 0
4.6770, 483, 613, 0, 0
4.7020, 482, 613, 0, 0
4.7280, 482, 613, 0, 0
4.7520, 483, 613, 0, 0
4.7770, 483, 613, 0, 0
4.8020, 483, 612, 0, 0
4.8270, 485, 612, 0, 0
4.8520, 485, 611, 0, 0
4.8770, 486, 611, 0, 0
4.9020, 487, 611, 0, 0
4.9270, 487, 610, 0, 0
4.9520, 487, 611, 0, 0
4.9760, 486, 611, 0, 0
5.0020, 484, 610, 0, 0
5.0270, 483, 610, 0, 0
5.0510, 481, 610, 0, 0
5.0770, 478, 610, 0, 0
5.1010, 477, 611, 0, 0
5.1270, 475, 611, 0, 0
5.1520, 473, 611, 0, 0
5.1760, 472, 610, 0, 0
5.2020, 472, 610, 0, 0
5.2260, 472, 609, 0, 0
5.2510, 474, 607, 0, 0
5.2770, 476, 607, 0, 0
5.3010, 478, 608, 0, 0
5.3270, 481, 605, 0, 0
5.3510, 482, 606, 0, 0
5.3760, 482, 606, 0, 0
5.4010, 484, 607, 0, 0
5.4260, 483, 609, 0, 0
5.4510, 484, 608, 0, 0
5.4760, 485, 608, 0, 0
5.5010, 484, 609, 0, 0
5.5260, 484, 610, 0, 0
5.5510, 483, 610, 0, 0
5.5760, 482, 610, 0, 0
5.6010, 483, 610, 0, 0
5.6260, 483, 610, 0, 0
5.6500, 483, 611, 0, 0
5.6760, 484, 610, 0, 0
5.7000, 485, 610, 0, 0
5.7260, 486, 610, 0, 0
5.7510, 487, 609, 0, 0
5.7750, 487, 609, 0, 0
5.8010, 488, 609, 0, 0
5.8250, 488, 608, 0, 0
5.8500, 488, 609, 0, 0
5.8760, 488, 610, 0, 0
5.9000, 488, 610, 0, 0
5.9260, 487, 610, 0, 0
5.9500, 486, 611, 0, 0
5.9750, 486, 611, 0, 0
6.0000, 486, 611, 0, 0
6.0250, 486, 611, 0, 0
6.0500, 486, 611, 0, 0
6.0750, 487, 610, 0, 0
6.1000, 488, 609, 0, 0
6.1250, 489, 608, 0, 0
6.1500, 490, 607, 0, 0
6.1750, 491, 605, 0, 0
6.2000, 493, 604, 0, 0
6.2250, 494, 603, 0, 0
6.2490, 496, 602, 0, 0
6.2750, 498, 601, 0, 0
6.2990, 501, 599, 0, 0
6.3250, 502, 599, 0, 0
6.3500, 503, 598, 0, 0
6.3740, 504, 598, 0, 0
6.4000, 504, 598, 0, 0
6.4240, 504, 599, 0, 0
6.4490, 502, 599, 0, 0
6.4750, 500, 599, 0, 0
6.4990, 498, 599, 0, 0
6.5250, 497, 599, 0, 0
6.5490, 496, 598, 0, 0
6.5740, 493, 599, 0, 0
6.6000, 493, 599, 0, 0
6.6240, 492, 598, 0, 0
6.6490, 492, 597, 0, 0
6.6740, 493, 597, 0, 0
6.6990, 495, 597, 0, 0
6.7240, 496, 597, 0, 0
6.7490, 496, 598, 0, 0
6.7740, 497, 599, 0, 0
6.7990, 497, 599, 0, 0
6.8240, 498, 600, 0, 0
6.8480, 497, 600, 0, 0
6.8740, 497, 600, 0, 0
6.8990, 496, 601, 0, 0
6.9240, 494, 601, 0, 0
6.9490, 493, 602, 0, 0
6.9730, 492, 604, 0, 0
6.9990, 491, 604, 0, 0
7.0230, 491, 605, 0, 0
7.0480, 491, 605, 0, 0
7.0740, 491, 605, 0, 0
7.0980, 491, 606, 0, 0
7.1240, 492, 606, 0, 0
7.1480, 492, 605, 0, 0
7.1730, 492, 606, 0, 0
7.1990, 492, 605, 0, 0
7.2230, 492, 606, 0, 0
7.2480, 490, 606, 0, 0
7.2730, 490, 606, 0, 0
7.2980, 489, 606, 0, 0
7.3230, 488, 607, 0, 0
7.3480, 489, 607, 0, 0
7.3730, 490, 607, 0, 0
7.3980, 491, 606, 0, 0
7.4230, 492, 605, 0, 0
7.4470, 493, 604, 0, 0
7.4730, 495, 602, 0, 0
7.4980, 496, 601, 0, 0
7.5230, 498, 599, 0, 0
7.5480, 500, 598, 0, 0
7.5720, 502, 596, 0, 0
7.5980, 504, 595, 0, 0
7.6230, 505, 595, 0, 0
7.6470, 508, 594, 0, 0
7.6730, 509, 594, 0, 0
7.6970, 510, 593, 0, 0
7.7230, 510, 593, 0, 0
7.7470, 510, 592, 0, 0
7.7720, 509, 593, 0, 0
7.7980, 508, 592, 0, 0
7.8220, 507, 592, 0, 0
7.8470, 506, 593, 0, 0
7.8720, 505, 593, 0, 0
7.8970, 503, 593, 0, 0
7.9230, 501, 593, 0, 0
7.9470, 501, 594, 0, 0
7.9720, 500, 594, 0, 0
7.9970, 500, 593, 0, 0
8.0220, 501, 593, 0, 0
8.0460, 501, 646, 0, 0
8.0720, 501, 648, 0, 0
8.0970, 502, 596, 0, 0
8.1220, 501, 656, 0, 0
8.1470, 501, 598, 0, 0
8.1710, 501, 636, 0, 0
8.1970, 500, 599, 0, 0
8.2220, 499, 599, 0, 0
8.2460, 499, 600, 0, 0
8.2720, 498, 600, 0, 0
8.2960, 497, 601, 0, 0
8.3220, 498, 602, 0, 0
8.3460, 498, 602, 0, 0
8.3710, 497, 602, 0, 0
8.3970, 497, 603, 0, 0
8.4210, 496, 603, 0, 0
8.4460, 495, 603, 0, 0
8.4710, 495, 660, 0, 0
8.4960, 494, 640, 0, 0
8.5220, 494, 604, 0, 0
8.5460, 494, 604, 0, 0
8.5710, 494, 604, 0, 0
8.5960, 495, 604, 0, 0
8.6210, 495, 604, 0, 0
8.6450, 495, 604, 0, 0
8.6710, 495, 604, 0, 0
8.6960, 495, 604, 0, 0
8.7210, 496, 604, 0, 0
8.7460, 495, 604, 0, 0
8.7700, 495, 604, 0, 0
8.7960, 495, 603, 0, 0
8.8210, 494, 604, 0, 0
8.8450, 495, 603, 0, 0
8.8710, 495, 603, 0, 0
8.8950, 495, 602, 0, 0
8.9210, 496, 602, 0, 0
8.9460, 497, 601, 0, 0
8.9700, 499, 600, 0, 0
8.9960, 500, 598, 0, 0
9.0200, 503, 598, 0, 0
9.0450, 505, 596, 0, 0
9.0700, 507, 596, 0, 0
9.0950, 508, 594, 0, 0
9.1210, 510, 594, 0, 0
9.1450, 510, 593, 0, 0
9.1700, 509, 592, 0, 0
9.1950, 509, 591, 0, 1
9.2200, 508, 580, 0, 1
9.2450, 506, 579, 0, 1
9.2700, 505, 589, 0, 1
9.2950, 503, 581, 0, 1
9.3200, 501, 582, 0, 1
9.3450, 500, 581, 0, 1
9.3690, 501, 591, 0, 1
9.3950, 501, 591, 0, 1
9.4200, 501, 582, 0, 1
9.4440, 501, 583, 0, 1
9.4700, 502, 593, 0, 0
9.4940, 501, 594, 0, 0
9.5200, 502, 594, 0, 0
9.5450, 502, 595, 0, 0
9.5690, 501, 596, 0, 0
9.5950, 502, 597, 0, 0
9.6190, 500, 597, 0, 0
9.6440, 498, 598, 0, 0
9.6690, 499, 598, 0, 0
9.6940, 497, 600, 0, 0
9.7200, 497, 600, 0, 0
9.7440, 497, 600, 0, 0
9.7690, 496, 601, 0, 0
9.7940, 496, 601, 0, 0
9.8190, 496, 601, 0, 0
9.8440, 495, 601, 0, 0
9.8690, 495, 602, 0, 0
9.8940, 495, 602, 0, 0
9.9190, 494, 602, 0, 0
9.9440, 494, 602, 0, 0
9.9680, 494, 603, 0, 0
9.9940, 494, 603, 0, 0
10.0190, 494, 603, 0, 0
10.0440, 495, 603, 0, 0
10.0710, 495, 603, 0, 0
10.0960, 495, 603, 0, 0
10.1230, 496, 603, 0, 0
10.1490, 496, 602, 0, 0
10.1740, 497, 601, 0, 0
10.2010, 498, 601, 0, 0
10.2270, 498, 601, 0, 0
10.2530, 498, 600, 0, 0
10.2790, 499, 599, 0, 0
10.3040, 499, 598, 0, 0
10.3310, 500, 598, 0, 0
10.3570, 501, 597, 0, 0
10.3830, 503, 596, 0, 0
10.4090, 504, 595, 0, 0
10.4340, 507, 594, 0, 0
10.4610, 509, 592, 0, 0
10.4870, 511, 590, 0, 1
10.5120, 513, 587, 0, 1
10.5390, 515, 586, 0, 1
10.5640, 516, 575, 0, 1
10.5910, 518, 573, 0, 1
10.6170, 518, 572, 0, 1
10.6420, 517, 571, 0, 1
10.6690, 517, 572, 0, 1
10.6950, 515, 571, 0, 1
10.7210, 514, 571, 0, 1
10.7470, 512, 571, 0, 1
10.7720, 510, 574, 0, 1
10.7990, 507, 574, 0, 1
10.8250, 506, 576, 0, 1
10.8510, 506, 576, 0, 1
10.8770, 506, 577, 0, 1
10.9020, 506, 580, 0, 1
10.9290, 506, 579, 0, 1
10.9550, 506, 579, 0, 1
10.9810, 505, 581, 0, 1
11.0070, 506, 583, 0, 1
11.0320, 505, 593, 0, 0
11.0590, 503, 593, 0, 0
11.0850, 502, 594, 0, 0
11.1100, 500, 595, 0, 0
11.1370, 499, 596, 0, 0
11.1620, 500, 596, 0, 0
11.1890, 499, 597, 0, 0
11.2150, 500, 597, 0, 0
11.2400, 500, 598, 0, 0
11.2670, 500, 598, 0, 0
11.2930, 499, 598, 0, 0
11.3190, 498, 599, 0, 0
11.3450, 496, 599, 0, 0
11.3700, 495, 600, 0, 0
11.3970, 495, 600, 0, 0
11.4230, 494, 600, 0, 0
11.4490, 493, 601, 0, 0
11.4750, 493, 601, 0, 0
11.5000, 492, 602, 0, 0
11.5270, 492, 602, 0, 0
11.5530, 492, 602, 0, 0
11.5790, 492, 603, 0, 0
11.6050, 492, 603, 0, 0
11.6300, 492, 603, 0, 0
11.6570, 492, 603, 0, 0
11.6830, 492, 603, 0, 0
11.7080, 493, 603, 0, 0
11.7350, 494, 603, 0, 0
11.7600, 495, 603, 0, 0
11.7870, 496, 602, 0, 0
11.8130, 497, 601, 0, 0
11.8380, 497, 601, 0, 0
11.8650, 497, 601, 0, 0
11.8910, 496, 602, 0, 0
11.9170, 492, 602, 0, 0
11.9430, 490, 602, 0, 0
11.9680, 487, 603, 0, 0
11.9950, 483, 604, 0, 0
12.0210, 480, 605, 0, 0
12.0470, 477, 605, 0, 0
12.0730, 475, 606, 0, 0
12.0980, 474, 606, 0, 0
12.1250, 474, 606, 0, 0
12.1510, 474, 605, 0, 0
12.1760, 475, 604, 0, 0
12.2030, 477, 604, 0, 0
12.2280, 480, 602, 0, 0
12.2550, 482, 603, 0, 0
12.2810, 484, 602, 0, 0
12.3060, 485, 603, 0, 0
12.3330, 486, 603, 0, 0
12.3590, 487, 604, 0, 0
12.3850, 487, 604, 0, 0
12.4110, 487, 605, 0, 0
12.4360, 488, 605, 0, 0
12.4630, 488, 605, 0, 0
12.4890, 487, 606, 0, 0
12.5150, 487, 606, 0, 0
12.5410, 486, 607, 0, 0
12.5660, 485, 607, 0, 0
12.5930, 485, 607, 0, 0
12.6190, 484, 607, 0, 0
12.6450, 484, 608, 0, 0
12.6710, 484, 608, 0, 0
12.6960, 483, 608, 0, 0
12.7230, 483, 608, 0, 0
12.7490, 483, 609, 0, 0
12.7740, 481, 610, 0, 0
12.8010, 482, 610, 0, 0
12.8260, 482, 610, 0, 0
12.8530, 480, 611, 0, 0
12.8790, 481, 611, 0, 0
12.9040, 480, 612, 0, 0
12.9310, 480, 612, 0, 0
12.9570, 481, 612, 0, 0
12.9830, 481, 613, 0, 0
13.0090, 481, 613, 0, 0
13.0340, 481, 612, 0, 0
13.0610, 481, 613, 0, 0
13.0870, 481, 613, 0, 0
13.1130, 481, 613, 0, 0
13.1390, 481, 613, 0, 0
13.1640, 481, 614, 0, 0
13.1910, 481, 614, 0, 0
13.2170, 482, 613, 0, 0
13.2430, 483, 613, 0, 0
13.2690, 483, 613, 0, 0
13.2940, 484, 612, 0, 0
13.3210, 486, 611, 0, 0
13.3470, 486, 611, 0, 0
13.3720, 487, 610, 0, 0
13.3990, 488, 610, 0, 0
13.4240, 488, 609, 0, 0
13.4510, 487, 609, 0, 0
13.4770, 485, 610, 0, 0
13.5020, 483, 611, 0, 0
13.5290, 479, 611, 0, 0
13.5550, 476, 610, 0, 0
13.5810, 475, 611, 0, 0
13.6070, 473, 611, 0, 0
13.6320, 473, 611, 0, 0
13.6590, 471, 611, 0, 0
13.6850, 471, 611, 0, 0
13.7110, 473, 610, 0, 0
13.7370, 473, 610, 0, 0
13.7620, 474, 610, 0, 0
13.7890, 475, 610, 0, 0
13.8150, 475, 610, 0, 0
13.8400, 476, 609, 0, 0
13.8670, 477, 609, 0, 0
13.8920, 477, 609, 0, 0
13.9190, 477, 609, 0, 0
13.9450, 479, 608, 0, 0
13.9700, 479, 608, 0, 0
13.9970, 480, 607, 0, 0
14.0230, 481, 608, 0, 0
14.0490, 481, 608, 0, 0
14.0750, 483, 609, 0, 0
14.1000, 483, 609, 0, 0
14.1270, 483, 610, 0, 0
14.1530, 483, 610, 0, 0
14.1790, 483, 611, 0, 0
14.2050, 481, 611, 0, 0
14.2300, 481, 612, 0, 0
14.2570, 480, 612, 0, 0
14.2830, 480, 613, 0, 0
14.3090, 480, 613, 0, 0
14.3350, 479, 613, 0, 0
14.3600, 479, 614, 0, 0
14.3870, 478, 614, 0, 0
14.4130, 477, 614, 0, 0
14.4380, 476, 614, 0, 0
Trial 3 ended
Down threshold:   f_down_thr = 528
Up threshold:   f_up_thr = 507
Vibration ON
Trial 2 started
time, up, down, lbl_up, lbl_down
0.0000, 481, 567, 1, 0
0.0110, 482, 557, 1, 0
0.0350, 484, 555, 1, 0
0.0600, 486, 556, 1, 0
0.0850, 490, 553, 1, 0
0.1100, 493, 553, 1, 0
0.1360, 496, 550, 1, 0
0.1600, 498, 557, 1, 0
0.1850, 501, 547, 1, 0
0.2100, 505, 545, 1, 0
0.2350, 509, 541, 0, 0
0.2600, 512, 547, 0, 0
0.2850, 515, 545, 0, 0
0.3100, 519, 543, 0, 0
0.3350, 522, 542, 0, 0
0.3600, 525, 541, 0, 0
0.3840, 527, 540, 0, 0
0.4100, 530, 540, 0, 0
0.4350, 531, 540, 0, 0
0.4590, 532, 540, 0, 0
0.4850, 534, 540, 0, 0
0.5090, 535, 540, 0, 0
0.5350, 535, 541, 0, 0
0.5600, 536, 1023, 0, 0
0.5850, 536, 1023, 0, 0
0.6120, 535, 1023, 0, 0
0.6370, 536, 1023, 0, 0
0.6630, 535, 1023, 0, 0
0.6900, 535, 1023, 0, 0
0.7150, 535, 1023, 0, 0
0.7420, 535, 1023, 0, 0
0.7670, 535, 1023, 0, 0
0.7930, 536, 1023, 0, 0
0.8200, 535, 1023, 0, 0
0.8450, 535, 1023, 0, 0
0.8720, 536, 1023, 0, 0
0.8970, 536, 1023, 0, 0
0.9230, 535, 1023, 0, 0
0.9500, 534, 1023, 0, 0
0.9750, 533, 1023, 0, 0
1.0020, 532, 1023, 0, 0
1.0280, 530, 1023, 0, 0
1.0530, 528, 1023, 0, 0
1.0800, 526, 1023, 0, 0
1.1050, 524, 1023, 0, 0
1.1310, 523, 1023, 0, 0
1.1580, 520, 1023, 0, 0
1.1830, 520, 1023, 0, 0
1.2100, 520, 1023, 0, 0
1.2350, 519, 1023, 0, 0
1.2610, 519, 557, 0, 0
1.2870, 520, 556, 0, 0
1.3110, 521, 555, 0, 0
1.3370, 522, 556, 0, 0
1.3610, 523, 554, 0, 0
1.3860, 523, 553, 0, 0
1.4120, 524, 551, 0, 0
1.4360, 524, 550, 0, 0
1.4610, 525, 550, 0, 0
1.4860, 526, 549, 0, 0
1.5110, 526, 549, 0, 0
1.5360, 526, 550, 0, 0
1.5610, 526, 549, 0, 0
1.5860, 526, 549, 0, 0
1.6110, 526, 550, 0, 0
1.6360, 526, 550, 0, 0
1.6600, 526, 550, 0, 0
1.6860, 526, 548, 0, 0
1.7110, 527, 547, 0, 0
1.7360, 528, 545, 0, 0
1.7610, 528, 545, 0, 0
1.7850, 529, 543, 0, 0
1.8110, 530, 542, 0, 0
1.8350, 531, 540, 0, 0
1.8600, 534, 538, 0, 0
1.8860, 536, 536, 0, 0
1.9100, 538, 536, 0, 0
1.9360, 540, 535, 0, 0
1.9600, 541, 535, 0, 0
1.9850, 543, 535, 0, 0
2.0110, 543, 535, 0, 0
2.0350, 543, 537, 0, 0
2.0600, 543, 538, 0, 0
2.0850, 543, 540, 0, 0
2.1100, 543, 540, 0, 0
2.1360, 542, 541, 0, 0
2.1600, 542, 541, 0, 0
2.1850, 540, 542, 0, 0
2.2100, 540, 542, 0, 0
2.2350, 539, 543, 0, 0
2.2590, 539, 544, 0, 0
2.2850, 538, 545, 0, 0
2.3100, 537, 546, 0, 0
2.3350, 537, 547, 0, 0
2.3600, 536, 548, 0, 0
2.3840, 537, 548, 0, 0
2.4100, 537, 548, 0, 0
2.4350, 536, 548, 0, 0
2.4590, 535, 548, 0, 0
2.4850, 534, 550, 0, 0
2.5090, 533, 595, 0, 0
2.5350, 532, 594, 0, 0
2.5590, 533, 595, 0, 0
2.5840, 532, 596, 0, 0
2.6100, 530, 597, 0, 0
2.6340, 529, 598, 0, 0
2.6590, 528, 598, 0, 0
2.6840, 525, 599, 0, 0
2.7090, 524, 599, 0, 0
2.7350, 524, 599, 0, 0
2.7590, 524, 600, 0, 0
2.7840, 523, 600, 0, 0
2.8090, 523, 600, 0, 0
2.8340, 522, 600, 0, 0
2.8580, 521, 600, 0, 0
2.8840, 522, 598, 0, 0
2.9090, 523, 598, 0, 0
2.9340, 522, 598, 0, 0
2.9590, 522, 599, 0, 0
2.9830, 524, 597, 0, 0
3.0090, 524, 597, 0, 0
3.0340, 523, 598, 0, 0
3.0580, 524, 598, 0, 0
3.0840, 523, 598, 0, 0
3.1080, 523, 598, 0, 0
3.1340, 522, 597, 0, 0
3.1580, 521, 597, 0, 0
3.1830, 522, 597, 0, 0
3.2090, 523, 595, 0, 0
3.2330, 524, 593, 0, 0
3.2580, 526, 592, 0, 0
3.2830, 527, 592, 0, 0
3.3080, 529, 590, 0, 0
3.3340, 531, 588, 0, 0
3.3580, 534, 586, 0, 0
3.3830, 538, 583, 0, 0
3.4080, 541, 582, 0, 0
3.4330, 544, 581, 0, 0
3.4570, 546, 580, 0, 0
3.4830, 548, 580, 0, 0
3.5080, 549, 580, 0, 0
3.5330, 550, 580, 0, 0
3.5580, 551, 580, 0, 0
3.5820, 552, 580, 0, 0
3.6080, 552, 581, 0, 0
3.6330, 552, 582, 0, 0
3.6570, 552, 582, 0, 0
3.6830, 552, 582, 0, 0
3.7070, 551, 582, 0, 0
3.7330, 550, 582, 0, 0
3.7580, 550, 582, 0, 0
3.7820, 549, 582, 0, 0
3.8080, 549, 582, 0, 0
3.8320, 550, 582, 0, 0
3.8570, 551, 582, 0, 0
3.8820, 551, 582, 0, 0
3.9070, 552, 582, 0, 0
3.9330, 552, 582, 0, 0
3.9570, 552, 583, 0, 0
3.9820, 552, 584, 0, 0
4.0070, 551, 585, 0, 0
4.0320, 551, 587, 0, 0
4.0570, 550, 588, 0, 0
4.0820, 550, 588, 0, 0
4.1070, 548, 589, 0, 0
4.1320, 547, 590, 0, 0
4.1570, 546, 590, 0, 0
4.1810, 546, 591, 0, 0
4.2070, 544, 591, 0, 0
4.2320, 543, 592, 0, 0
4.2560, 544, 593, 0, 0
4.2820, 543, 593, 0, 0
4.3060, 543, 592, 0, 0
4.3320, 543, 592, 0, 0
4.3570, 542, 592, 0, 0
4.3810, 543, 591, 0, 0
4.4070, 543, 591, 0, 0
4.4310, 543, 591, 0, 0
4.4560, 543, 591, 0, 0
4.4810, 543, 591, 0, 0
4.5060, 542, 592, 0, 0
4.5320, 542, 592, 0, 0
4.5560, 541, 591, 0, 0
4.5810, 541, 591, 0, 0
4.6060, 541, 591, 0, 0
4.6310, 541, 591, 0, 0
4.6560, 542, 591, 0, 0
4.6810, 542, 590, 0, 0
4.7060, 542, 590, 0, 0
4.7310, 543, 588, 0, 0
4.7560, 544, 588, 0, 0
4.7800, 545, 588, 0, 0
4.8060, 546, 587, 0, 0
4.8310, 548, 586, 0, 0
4.8550, 549, 586, 0, 0
4.8810, 550, 585, 0, 0
4.9050, 551, 584, 0, 0
4.9310, 552, 585, 0, 0
4.9560, 552, 585, 0, 0
4.9800, 553, 586, 0, 0
5.0060, 552, 587, 0, 0
5.0300, 553, 588, 0, 0
5.0550, 552, 589, 0, 0
5.0810, 551, 589, 0, 0
5.1050, 551, 589, 0, 0
5.1310, 550, 589, 0, 0
5.1550, 550, 589, 0, 0
5.1800, 548, 590, 0, 0
5.2050, 546, 590, 0, 0
5.2300, 545, 590, 0, 0
5.2550, 545, 590, 0, 0
5.2800, 545, 591, 0, 0
5.3050, 545, 591, 0, 0
5.3300, 547, 590, 0, 0
5.3550, 547, 591, 0, 0
5.3800, 546, 592, 0, 0
5.4050, 546, 592, 0, 0
5.4300, 546, 593, 0, 0
5.4540, 544, 593, 0, 0
5.4800, 544, 593, 0, 0
5.5040, 543, 594, 0, 0
5.5300, 542, 595, 0, 0
5.5550, 541, 596, 0, 0
5.5790, 540, 596, 0, 0
5.6050, 538, 597, 0, 0
5.6290, 537, 597, 0, 0
5.6540, 537, 597, 0, 0
5.6800, 536, 597, 0, 0
5.7040, 536, 597, 0, 0
5.7300, 536, 597, 0, 0
5.7540, 536, 598, 0, 0
5.7790, 535, 598, 0, 0
5.8040, 534, 598, 0, 0
5.8290, 535, 598, 0, 0
5.8540, 535, 597, 0, 0
5.8790, 534, 598, 0, 0
5.9040, 535, 598, 0, 0
5.9290, 535, 597, 0, 0
5.9540, 535, 597, 0, 0
5.9790, 535, 597, 0, 0
6.0040, 534, 597, 0, 0
6.0290, 535, 597, 0, 0
6.0530, 535, 597, 0, 0
6.0790, 535, 595, 0, 0
6.1040, 536, 594, 0, 0
6.1290, 537, 593, 0, 0
6.1540, 538, 592, 0, 0
6.1780, 539, 591, 0, 0
6.2040, 541, 590, 0, 0
6.2280, 542, 589, 0, 0
6.2530, 545, 590, 0, 0
6.2790, 547, 586, 0, 0
6.3030, 548, 585, 0, 0
6.3290, 550, 584, 0, 0
6.3530, 552, 583, 0, 0
6.3780, 552, 584, 0, 0
6.4040, 553, 584, 0, 0
6.4280, 554, 584, 0, 0
6.4530, 554, 584, 0, 0
6.4780, 554, 585, 0, 0
6.5030, 554, 587, 0, 0
6.5280, 554, 586, 0, 0
6.5530, 554, 587, 0, 0
6.5780, 553, 587, 0, 0
6.6030, 552, 587, 0, 0
6.6280, 550, 588, 0, 0
6.6520, 550, 589, 0, 0
6.6780, 548, 589, 0, 0
6.7030, 547, 590, 0, 0
6.7280, 546, 591, 0, 0
6.7530, 545, 591, 0, 0
6.7770, 545, 591, 0, 0
6.8030, 545, 592, 0, 0
6.8270, 546, 592, 0, 0
6.8520, 546, 592, 0, 0
6.8780, 545, 592, 0, 0
6.9020, 545, 592, 0, 0
6.9280, 545, 593, 0, 0
6.9520, 545, 593, 0, 0
6.9770, 544, 593, 0, 0
7.0030, 543, 594, 0, 0
7.0270, 543, 595, 0, 0
7.0520, 542, 595, 0, 0
7.0770, 542, 596, 0, 0
7.1020, 541, 596, 0, 0
7.1280, 540, 596, 0, 0
7.1520, 541, 595, 0, 0
7.1770, 542, 594, 0, 0
7.2020, 542, 597, 0, 0
7.2270, 542, 595, 0, 0
7.2510, 542, 592, 0, 0
7.2770, 543, 592, 0, 0
7.3020, 543, 592, 0, 0
7.3270, 543, 720, 0, 0
7.3520, 542, 594, 0, 0
7.3760, 543, 597, 0, 0
7.4020, 543, 594, 0, 0
7.4270, 543, 595, 0, 0
7.4510, 542, 596, 0, 0
7.4770, 541, 595, 0, 0
7.5010, 541, 597, 0, 0
7.5270, 540, 596, 0, 0
7.5510, 541, 601, 0, 0
7.5760, 541, 595, 0, 0
7.6020, 542, 595, 0, 0
7.6260, 543, 593, 0, 0
7.6510, 545, 591, 0, 0
7.6760, 547, 590, 0, 0
7.7010, 549, 588, 0, 0
7.7270, 550, 587, 0, 0
7.7510, 552, 585, 0, 0
7.7760, 554, 584, 0, 0
7.8010, 555, 583, 0, 0
7.8260, 555, 582, 0, 0
7.8500, 556, 582, 0, 0
7.8760, 556, 582, 0, 0
7.9010, 555, 583, 0, 0
7.9260, 554, 585, 0, 0
7.9510, 554, 1023, 0, 0
7.9760, 552, 1023, 0, 0
8.0030, 551, 1023, 0, 0
8.0290, 550, 1023, 0, 0
8.0550, 548, 1023, 0, 0
8.0810, 548, 1023, 0, 0
8.1060, 547, 1023, 0, 0
8.1330, 546, 1023, 0, 0
8.1590, 545, 1023, 0, 0
8.1840, 545, 1023, 0, 0
8.2110, 546, 1023, 0, 0
8.2360, 546, 1023, 0, 0
8.2630, 546, 1023, 0, 0
8.2890, 547, 1023, 0, 0
8.3140, 547, 1023, 0, 0
8.3410, 547, 1023, 0, 0
8.3670, 547, 1023, 0, 0
8.3930, 546, 1023, 0, 0
8.4190, 545, 1023, 0, 0
8.4440, 544, 1023, 0, 0
8.4710, 544, 1023, 0, 0
8.4970, 544, 1023, 0, 0
8.5230, 544, 1023, 0, 0
8.5490, 543, 1023, 0, 0
8.5740, 544, 1023, 0, 0
8.6010, 543, 1023, 0, 0
8.6270, 543, 593, 0, 0
8.6510, 543, 593, 0, 0
8.6770, 543, 1023, 0, 0
8.7020, 544, 592, 0, 0
8.7280, 544, 591, 0, 0
8.7530, 545, 591, 0, 0
8.7770, 545, 591, 0, 0
8.8030, 545, 590, 0, 0
8.8270, 546, 625, 0, 0
8.8520, 546, 590, 0, 0
8.8780, 545, 592, 0, 0
8.9020, 545, 675, 0, 0
8.9280, 544, 593, 0, 0
8.9520, 543, 642, 0, 0
8.9770, 542, 594, 0, 0
9.0020, 542, 595, 0, 0
9.0270, 542, 595, 0, 0
9.0520, 542, 631, 0, 0
9.0770, 542, 632, 0, 0
9.1020, 544, 593, 0, 0
9.1270, 544, 592, 0, 0
9.1520, 545, 591, 0, 0
9.1770, 547, 589, 0, 0
9.2020, 549, 588, 0, 0
9.2270, 549, 599, 0, 0
9.2510, 550, 588, 0, 0
9.2770, 550, 587, 0, 0
9.3010, 550, 590, 0, 0
9.3270, 549, 679, 0, 0
9.3520, 547, 593, 0, 0
9.3760, 545, 597, 0, 0
9.4020, 542, 594, 0, 0
9.4260, 538, 596, 0, 0
9.4510, 535, 597, 0, 0
9.4770, 532, 599, 0, 0
9.5010, 528, 601, 0, 0
9.5270, 525, 602, 0, 0
9.5510, 523, 603, 0, 0
9.5760, 522, 605, 0, 0
9.6010, 522, 605, 0, 0
9.6260, 523, 605, 0, 0
9.6510, 524, 605, 0, 0
9.6760, 525, 604, 0, 0
9.7010, 526, 601, 0, 0
9.7260, 526, 600, 0, 0
9.7510, 527, 599, 0, 0
9.7760, 528, 596, 0, 0
9.8010, 529, 596, 0, 0
9.8260, 529, 596, 0, 0
9.8500, 529, 596, 0, 0
9.8760, 530, 596, 0, 0
9.9000, 530, 596, 0, 0
9.9260, 530, 595, 0, 0
9.9510, 530, 595, 0, 0
9.9750, 530, 596, 0, 0
10.0010, 530, 596, 0, 0
10.0260, 531, 595, 0, 0
10.0530, 532, 594, 0, 0
10.0790, 532, 594, 0, 0
10.1040, 533, 593, 0, 0
10.1310, 534, 593, 0, 0
10.1560, 533, 594, 0, 0
10.1820, 534, 595, 0, 0
10.2090, 533, 595, 0, 0
10.2340, 534, 596, 0, 0
10.2610, 534, 597, 0, 0
10.2870, 533, 598, 0, 0
10.3120, 531, 599, 0, 0
10.3390, 529, 600, 0, 0
10.3640, 526, 601, 0, 0
10.3910, 524, 602, 0, 0
10.4170, 523, 602, 0, 0
10.4420, 524, 603, 0, 0
10.4690, 525, 602, 0, 0
10.4940, 527, 601, 0, 0
10.5210, 530, 599, 0, 0
10.5470, 534, 596, 0, 0
10.5720, 537, 592, 0, 0
10.5990, 540, 589, 0, 0
10.6240, 543, 586, 0, 0
10.6510, 546, 585, 0, 0
10.6770, 547, 585, 0, 0
10.7020, 548, 587, 0, 0
10.7290, 548, 586, 0, 0
10.7550, 549, 588, 0, 0
10.7800, 548, 590, 0, 0
10.8070, 547, 592, 0, 0
10.8320, 545, 594, 0, 0
10.8590, 543, 596, 0, 0
10.8850, 540, 597, 0, 0
10.9100, 538, 599, 0, 0
10.9370, 535, 600, 0, 0
10.9620, 533, 602, 0, 0
10.9890, 530, 603, 0, 0
11.0150, 529, 604, 0, 0
11.0400, 528, 605, 0, 0
11.0670, 528, 605, 0, 0
11.0920, 528, 606, 0, 0
11.1190, 529, 605, 0, 0
11.1450, 529, 604, 0, 0
11.1700, 531, 603, 0, 0
11.1970, 531, 602, 0, 0
11.2220, 531, 602, 0, 0
11.2480, 532, 601, 0, 0
11.2750, 533, 601, 0, 0
11.3000, 533, 601, 0, 0
11.3270, 533, 601, 0, 0
11.3530, 534, 600, 0, 0
11.3780, 534, 598, 0, 0
11.4050, 534, 597, 0, 0
11.4300, 534, 596, 0, 0
11.4570, 536, 595, 0, 0
11.4830, 536, 594, 0, 0
11.5080, 537, 594, 0, 0
11.5350, 537, 593, 0, 0
11.5600, 537, 592, 0, 0
11.5870, 538, 592, 0, 0
11.6130, 538, 591, 0, 0
11.6380, 539, 591, 0, 0
11.6650, 539, 591, 0, 0
11.6900, 539, 592, 0, 0
11.7170, 539, 592, 0, 0
11.7430, 539, 593, 0, 0
11.7680, 538, 594, 0, 0
11.7950, 537, 595, 0, 0
11.8200, 536, 596, 0, 0
11.8460, 536, 597, 0, 0
11.8730, 536, 596, 0, 0
11.8980, 537, 597, 0, 0
11.9250, 537, 596, 0, 0
11.9510, 538, 594, 0, 0
11.9760, 539, 592, 0, 0
12.0030, 540, 590, 0, 0
12.0280, 542, 589, 0, 0
12.0550, 544, 587, 0, 0
12.0810, 546, 585, 0, 0
12.1060, 548, 584, 0, 0
12.1330, 549, 583, 0, 0
12.1580, 551, 583, 0, 0
12.1850, 552, 584, 0, 0
12.2110, 553, 584, 0, 0
12.2360, 554, 584, 0, 0
12.2630, 555, 584, 0, 0
12.2880, 556, 585, 0, 0
12.3150, 556, 585, 0, 0
12.3410, 557, 586, 0, 0
12.3660, 556, 588, 0, 0
12.3930, 556, 587, 0, 0
12.4190, 556, 588, 0, 0
12.4440, 555, 589, 0, 0
12.4710, 554, 589, 0, 0
12.4960, 552, 590, 0, 0
12.5230, 549, 591, 0, 0
12.5490, 546, 593, 0, 0
12.5740, 544, 594, 0, 0
12.6010, 543, 595, 0, 0
12.6260, 542, 596, 0, 0
12.6530, 542, 596, 0, 0
12.6790, 541, 596, 0, 0
12.7040, 540, 597, 0, 0
12.7310, 539, 596, 0, 0
12.7560, 538, 596, 0, 0
12.7830, 537, 595, 0, 0
12.8090, 538, 596, 0, 0
12.8340, 538, 596, 0, 0
12.8610, 537, 596, 0, 0
12.8860, 537, 596, 0, 0
12.9120, 536, 597, 0, 0
12.9390, 534, 597, 0, 0
12.9640, 535, 597, 0, 0
12.9910, 536, 597, 0, 0
13.0170, 535, 597, 0, 0
13.0420, 535, 596, 0, 0
13.0690, 536, 595, 0, 0
13.0940, 536, 595, 0, 0
13.1210, 536, 594, 0, 0
13.1470, 536, 594, 0, 0
13.1720, 537, 594, 0, 0
13.1990, 537, 594, 0, 0
13.2240, 537, 593, 0, 0
13.2510, 537, 594, 0, 0
13.2770, 537, 593, 0, 0
13.3020, 537, 594, 0, 0
13.3290, 536, 595, 0, 0
13.3540, 535, 596, 0, 0
13.3810, 534, 596, 0, 0
13.4070, 533, 596, 0, 0
13.4320, 534, 596, 0, 0
13.4590, 535, 595, 0, 0
13.4840, 535, 594, 0, 0
13.5100, 537, 593, 0, 0
13.5370, 538, 591, 0, 0
13.5620, 541, 588, 0, 0
13.5890, 543, 586, 0, 0
13.6150, 545, 584, 0, 0
13.6400, 547, 582, 0, 0
13.6670, 549, 581, 0, 0
13.6920, 550, 580, 0, 0
13.7190, 552, 580, 0, 0
13.7450, 553, 579, 0, 0
13.7700, 554, 579, 0, 0
13.7970, 555, 580, 0, 0
13.8220, 556, 582, 0, 0
13.8490, 556, 583, 0, 0
13.8750, 556, 585, 0, 0
13.9000, 556, 585, 0, 0
13.9270, 556, 586, 0, 0
13.9520, 556, 587, 0, 0
13.9790, 555, 588, 0, 0
14.0050, 555, 589, 0, 0
14.0300, 554, 589, 0, 0
14.0570, 552, 590, 0, 0
14.0830, 551, 590, 0, 0
14.1080, 548, 591, 0, 0
14.1350, 545, 592, 0, 0
14.1600, 543, 593, 0, 0
14.1870, 542, 594, 0, 0
14.2130, 541, 594, 0, 0
14.2380, 541, 595, 0, 0
14.2650, 540, 595, 0, 0
14.2900, 541, 595, 0, 0
14.3170, 542, 596, 0, 0
14.3430, 542, 595, 0, 0
14.3680, 543, 595, 0, 0
14.3950, 543, 596, 0, 0
14.4200, 542, 596, 0, 0
14.4470, 541, 597, 0, 0
14.4730, 539, 598, 0, 0
14.4980, 537, 599, 0, 0
14.5250, 536, 599, 0, 0
14.5500, 535, 599, 0, 0
14.5760, 532, 599, 0, 0
14.6030, 531, 599, 0, 0
14.6280, 532, 599, 0, 0
14.6550, 531, 599, 0, 0
14.6810, 529, 599, 0, 0
14.7060, 529, 599, 0, 0
14.7330, 528, 599, 0, 0
14.7580, 526, 599, 0, 0
14.7850, 523, 599, 0, 0
14.8110, 518, 600, 0, 0
14.8360, 515, 600, 0, 0
Trial 2 ended
Trial 3 started
time, up, down, lbl_up, lbl_down
0.0000, 484, 603, 1, 0
0.0100, 483, 594, 1, 0
0.0350, 478, 596, 1, 0
0.0600, 473, 596, 1, 0
0.0850, 470, 593, 1, 0
0.1100, 468, 593, 1, 0
0.1350, 467, 592, 1, 0
0.1600, 467, 592, 1, 0
0.1850, 470, 589, 1, 0
0.2100, 474, 590, 1, 0
0.2340, 479, 588, 1, 0
0.2600, 484, 584, 1, 0
0.2840, 489, 582, 1, 0
0.3100, 496, 580, 1, 0
0.3350, 502, 578, 1, 0
0.3590, 507, 584, 0, 0
0.3850, 511, 719, 0, 0
0.4090, 514, 580, 0, 0
0.4340, 516, 578, 0, 0
0.4600, 520, 575, 0, 0
0.4840, 524, 702, 0, 0
0.5100, 526, 574, 0, 0
0.5340, 529, 572, 0, 0
0.5590, 530, 570, 0, 0
0.5840, 532, 571, 0, 0
0.6090, 532, 646, 0, 0
0.6340, 533, 951, 0, 0
0.6590, 532, 572, 0, 0
0.6840, 533, 750, 0, 0
0.7090, 533, 698, 0, 0
0.7340, 532, 576, 0, 0
0.7590, 531, 616, 0, 0
0.7840, 530, 579, 0, 0
0.8090, 530, 579, 0, 0
0.8330, 530, 581, 0, 0
0.8590, 530, 582, 0, 0
0.8830, 530, 582, 0, 0
0.9090, 531, 583, 0, 0
0.9340, 531, 582, 0, 0
0.9580, 531, 581, 0, 0
0.9840, 530, 580, 0, 0
1.0080, 530, 580, 0, 0
1.0330, 530, 580, 0, 0
1.0590, 530, 580, 0, 0
1.0830, 529, 581, 0, 0
1.1090, 528, 582, 0, 0
1.1330, 526, 584, 0, 0
1.1580, 525, 585, 0, 0
1.1840, 523, 586, 0, 0
1.2080, 520, 587, 0, 0
1.2330, 519, 588, 0, 0
1.2580, 518, 588, 0, 0
1.2830, 516, 589, 0, 0
1.3080, 515, 589, 0, 0
1.3330, 515, 590, 0, 0
1.3580, 516, 590, 0, 0
1.3830, 516, 590, 0, 0
1.4080, 516, 590, 0, 0
1.4320, 516, 590, 0, 0
1.4580, 515, 591, 0, 0
1.4830, 516, 590, 0, 0
1.5080, 516, 590, 0, 0
1.5330, 516, 590, 0, 0
1.5570, 517, 590, 0, 0
1.5830, 516, 590, 0, 0
1.6070, 516, 590, 0, 0
1.6320, 516, 590, 0, 0
1.6580, 517, 589, 0, 0
1.6820, 518, 587, 0, 0
1.7080, 520, 586, 0, 0
1.7320, 521, 585, 0, 0
1.7570, 522, 584, 0, 0
1.7830, 523, 583, 0, 0
1.8070, 526, 581, 0, 0
1.8320, 528, 579, 0, 0
1.8570, 530, 577, 0, 0
1.8820, 533, 1022, 0, 0
1.9090, 535, 575, 0, 0
1.9330, 537, 575, 0, 0
1.9580, 539, 575, 0, 0
1.9830, 540, 575, 0, 0
2.0080, 541, 575, 0, 0
2.0320, 542, 575, 0, 0
2.0580, 542, 576, 0, 0
2.0830, 543, 577, 0, 0
2.1080, 543, 578, 0, 0
2.1330, 544, 578, 0, 0
2.1570, 544, 578, 0, 0
2.1830, 544, 579, 0, 0
2.2080, 543, 579, 0, 0
2.2320, 542, 579, 0, 0
2.2580, 540, 580, 0, 0
2.2820, 540, 580, 0, 0
2.3080, 538, 582, 0, 0
2.3320, 536, 583, 0, 0
2.3570, 534, 584, 0, 0
2.3830, 534, 585, 0, 0
2.4070, 534, 587, 0, 0
2.4320, 534, 587, 0, 0
2.4570, 533, 587, 0, 0
2.4820, 532, 586, 0, 0
2.5080, 532, 586, 0, 0
2.5320, 532, 586, 0, 0
2.5570, 531, 585, 0, 0
2.5820, 530, 586, 0, 0
2.6070, 529, 588, 0, 0
2.6310, 528, 588, 0, 0
2.6570, 526, 590, 0, 0
2.6820, 523, 591, 0, 0
2.7070, 522, 591, 0, 0
2.7320, 519, 592, 0, 0
2.7560, 517, 592, 0, 0
2.7820, 517, 592, 0, 0
2.8070, 516, 593, 0, 0
2.8310, 516, 593, 0, 0
2.8570, 516, 593, 0, 0
2.8810, 516, 592, 0, 0
2.9070, 517, 593, 0, 0
2.9310, 516, 592, 0, 0
2.9560, 517, 591, 0, 0
2.9820, 517, 591, 0, 0
3.0060, 517, 591, 0, 0
3.0310, 518, 591, 0, 0
3.0560, 518, 592, 0, 0
3.0810, 517, 592, 0, 0
3.1070, 515, 592, 0, 0
3.1310, 515, 593, 0, 0
3.1560, 513, 594, 0, 0
3.1810, 512, 594, 0, 0
3.2060, 513, 594, 0, 0
3.2300, 514, 593, 0, 0
3.2560, 515, 592, 0, 0
3.2810, 517, 590, 0, 0
3.3060, 519, 588, 0, 0
3.3310, 520, 586, 0, 0
3.3550, 522, 583, 0, 0
3.3810, 525, 582, 0, 0
3.4060, 527, 580, 0, 0
3.4300, 530, 578, 0, 0
3.4560, 533, 577, 0, 0
3.4800, 536, 576, 0, 0
3.5060, 539, 575, 0, 0
3.5310, 540, 575, 0, 0
3.5550, 541, 575, 0, 0
3.5810, 542, 577, 0, 0
3.6050, 543, 585, 0, 0
3.6300, 544, 575, 0, 0
3.6550, 545, 576, 0, 0
3.6800, 544, 576, 0, 0
3.7060, 545, 577, 0, 0
3.7300, 545, 576, 0, 0
3.7550, 544, 576, 0, 0
3.7800, 543, 577, 0, 0
3.8050, 543, 577, 0, 0
3.8300, 542, 579, 0, 0
3.8550, 540, 579, 0, 0
3.8800, 538, 580, 0, 0
3.9050, 536, 581, 0, 0
3.9300, 535, 582, 0, 0
3.9540, 535, 582, 0, 0
3.9800, 535, 583, 0, 0
4.0050, 536, 583, 0, 0
4.0290, 536, 583, 0, 0
4.0550, 536, 583, 0, 0
4.0790, 535, 584, 0, 0
4.1050, 534, 585, 0, 0
4.1300, 534, 586, 0, 0
4.1540, 534, 586, 0, 0
4.1800, 532, 587, 0, 0
4.2040, 531, 588, 0, 0
4.2290, 529, 589, 0, 0
4.2540, 528, 590, 0, 0
4.2790, 526, 591, 0, 0
4.3050, 526, 591, 0, 0
4.3290, 525, 591, 0, 0
4.3540, 524, 591, 0, 0
4.3790, 524, 590, 0, 0
4.4040, 525, 590, 0, 0
4.4290, 524, 590, 0, 0
4.4540, 524, 589, 0, 0
4.4790, 525, 588, 0, 0
4.5040, 524, 589, 0, 0
4.5290, 525, 588, 0, 0
4.5540, 526, 587, 0, 0
4.5790, 525, 587, 0, 0
4.6040, 525, 587, 0, 0
4.6280, 525, 588, 0, 0
4.6540, 525, 588, 0, 0
4.6780, 525, 589, 0, 0
4.7040, 526, 589, 0, 0
4.7290, 526, 588, 0, 0
4.7530, 527, 587, 0, 0
4.7790, 528, 586, 0, 0
4.8030, 529, 585, 0, 0
4.8280, 530, 583, 0, 0
4.8540, 532, 581, 0, 0
4.8780, 534, 579, 0, 0
4.9040, 536, 578, 0, 0
4.9280, 538, 577, 0, 0
4.9530, 540, 576, 0, 0
4.9780, 542, 575, 0, 0
5.0030, 544, 574, 0, 0
5.0280, 546, 573, 0, 0
5.0530, 547, 573, 0, 0
5.0780, 549, 572, 0, 0
5.1030, 550, 573, 0, 0
5.1280, 550, 574, 0, 0
5.1530, 551, 575, 0, 0
5.1780, 552, 575, 0, 0
5.2030, 552, 576, 0, 0
5.2270, 552, 576, 0, 0
5.2530, 552, 576, 0, 0
5.2770, 551, 576, 0, 0
5.3030, 550, 577, 0, 0
5.3280, 549, 577, 0, 0
5.3520, 548, 578, 0, 0
5.3780, 545, 579, 0, 0
5.4020, 543, 580, 0, 0
5.4270, 541, 582, 0, 0
5.4530, 539, 583, 0, 0
5.4770, 538, 584, 0, 0
5.5030, 538, 585, 0, 0
5.5270, 539, 585, 0, 0
5.5520, 539, 586, 0, 0
5.5780, 539, 586, 0, 0
5.6020, 539, 586, 0, 0
5.6270, 539, 586, 0, 0
5.6520, 539, 586, 0, 0
5.6770, 539, 587, 0, 0
5.7020, 539, 588, 0, 0
5.7270, 538, 589, 0, 0
5.7520, 537, 589, 0, 0
5.7770, 536, 590, 0, 0
5.8020, 534, 591, 0, 0
5.8260, 534, 591, 0, 0
5.8520, 535, 590, 0, 0
5.8770, 535, 590, 0, 0
5.9020, 535, 590, 0, 0
5.9270, 535, 590, 0, 0
5.9510, 535, 589, 0, 0
5.9770, 534, 589, 0, 0
6.0010, 533, 589, 0, 0
6.0260, 533, 589, 0, 0
6.0520, 532, 589, 0, 0
6.0760, 532, 589, 0, 0
6.1020, 532, 590, 0, 0
6.1260, 532, 589, 0, 0
6.1510, 532, 590, 0, 0
6.1770, 531, 590, 0, 0
6.2010, 531, 591, 0, 0
6.2260, 531, 591, 0, 0
6.2510, 530, 591, 0, 0
6.2760, 530, 592, 0, 0
6.3010, 530, 591, 0, 0
6.3260, 530, 591, 0, 0
6.3510, 529, 591, 0, 0
6.3760, 530, 590, 0, 0
6.4010, 530, 590, 0, 0
6.4250, 531, 589, 0, 0
6.4510, 531, 588, 0, 0
6.4760, 532, 587, 0, 0
6.5010, 533, 588, 0, 0
6.5260, 535, 588, 0, 0
6.5500, 536, 587, 0, 0
6.5760, 537, 587, 0, 0
6.6000, 538, 586, 0, 0
6.6250, 539, 585, 0, 0
6.6510, 540, 583, 0, 0
6.6750, 542, 582, 0, 0
6.7010, 543, 582, 0, 0
6.7250, 544, 582, 0, 0
6.7500, 545, 583, 0, 0
6.7760, 545, 583, 0, 0
6.8000, 545, 583, 0, 0
6.8250, 546, 582, 0, 0
6.8500, 545, 582, 0, 0
6.8750, 545, 582, 0, 0
6.9010, 544, 583, 0, 0
6.9250, 543, 584, 0, 0
6.9500, 542, 584, 0, 0
6.9750, 540, 585, 0, 0
7.0000, 537, 585, 0, 0
7.0240, 535, 587, 0, 0
7.0500, 534, 588, 0, 0
7.0750, 533, 588, 0, 0
7.1000, 533, 589, 0, 0
7.1250, 533, 590, 0, 0
7.1490, 533, 590, 0, 0
7.1750, 533, 590, 0, 0
7.2000, 533, 590, 0, 0
7.2240, 533, 590, 0, 0
7.2500, 532, 589, 0, 0
7.2740, 532, 589, 0, 0
7.3000, 531, 591, 0, 0
7.3240, 530, 591, 0, 0
7.3490, 529, 591, 0, 0
7.3750, 528, 592, 0, 0
7.3990, 526, 593, 0, 0
7.4240, 525, 594, 0, 0
7.4490, 524, 594, 0, 0
7.4740, 523, 595, 0, 0
7.5000, 523, 594, 0, 0
7.5240, 523, 594, 0, 0
7.5490, 523, 593, 0, 0
7.5740, 523, 593, 0, 0
7.5990, 523, 593, 0, 0
7.6230, 523, 593, 0, 0
7.6490, 523, 593, 0, 0
7.6740, 523, 593, 0, 0
7.6990, 523, 593, 0, 0
7.7240, 523, 592, 0, 0
7.7480, 523, 593, 0, 0
7.7740, 522, 594, 0, 0
7.7990, 520, 594, 0, 0
7.8230, 520, 976, 0, 0
7.8490, 517, 596, 0, 0
7.8730, 517, 596, 0, 0
7.8990, 515, 597, 0, 0
7.9230, 514, 597, 0, 0
7.9480, 514, 597, 0, 0
7.9740, 514, 597, 0, 0
7.9980, 515, 596, 0, 0
8.0230, 516, 1023, 0, 0
8.0490, 517, 594, 0, 0
8.0740, 519, 593, 0, 0
8.1000, 522, 592, 0, 0
8.1240, 526, 589, 0, 0
8.1490, 530, 588, 0, 0
8.1740, 534, 598, 0, 0
8.1990, 537, 632, 0, 0
8.2240, 542, 580, 0, 0
8.2490, 546, 690, 0, 0
8.2740, 549, 583, 0, 0
8.2990, 552, 576, 0, 0
8.3240, 556, 574, 0, 0
8.3480, 558, 573, 0, 0
8.3740, 559, 571, 0, 0
8.3990, 560, 571, 0, 0
8.4230, 560, 569, 0, 0
8.4490, 560, 917, 0, 0
8.4730, 560, 572, 0, 0
8.4990, 560, 572, 0, 0
8.5240, 559, 573, 0, 0
8.5480, 556, 627, 0, 0
8.5740, 553, 642, 0, 0
8.5980, 550, 578, 0, 0
8.6230, 547, 657, 0, 0
8.6480, 544, 595, 0, 0
8.6730, 542, 583, 0, 0
8.6990, 543, 704, 0, 0
8.7230, 544, 589, 0, 0
8.7480, 545, 586, 0, 0
8.7730, 545, 609, 0, 0
8.7980, 546, 594, 0, 0
8.8230, 546, 587, 0, 0
8.8480, 546, 584, 0, 0
8.8730, 547, 584, 0, 0
8.8980, 546, 588, 0, 0
8.9230, 545, 589, 0, 0
8.9470, 545, 635, 0, 0
8.9730, 543, 598, 0, 0
8.9980, 540, 603, 0, 0
9.0220, 539, 596, 0, 0
9.0480, 538, 590, 0, 0
9.0720, 536, 623, 0, 0
9.0980, 535, 593, 0, 0
9.1230, 534, 598, 0, 0
9.1470, 532, 606, 0, 0
9.1730, 531, 609, 0, 0
9.1970, 531, 605, 0, 0
9.2220, 531, 604, 0, 0
9.2480, 531, 609, 0, 0
9.2720, 530, 609, 0, 0
9.2980, 530, 625, 0, 0
9.3220, 530, 610, 0, 0
9.3470, 530, 609, 0, 0
9.3720, 529, 613, 0, 0
9.3970, 528, 690, 0, 0
9.4220, 528, 705, 0, 0
9.4470, 529, 677, 0, 0
9.4720, 530, 641, 0, 0
9.4970, 532, 603, 0, 0
9.5220, 535, 846, 0, 0
9.5470, 537, 587, 0, 0
9.5720, 540, 591, 0, 0
9.5970, 544, 672, 0, 0
9.6210, 547, 580, 0, 0
9.6470, 550, 578, 0, 0
9.6710, 551, 609, 0, 0
9.6970, 553, 577, 0, 0
9.7220, 554, 575, 0, 0
9.7460, 555, 576, 0, 0
9.7720, 556, 574, 0, 0
9.7960, 557, 577, 0, 0
9.8210, 557, 578, 0, 0
9.8470, 557, 579, 0, 0
9.8710, 557, 601, 0, 0
9.8970, 557, 591, 0, 0
9.9210, 557, 623, 0, 0
9.9460, 556, 580, 0, 0
9.9710, 556, 580, 0, 0
9.9960, 555, 581, 0, 0
10.0210, 554, 580, 0, 0
10.0470, 553, 580, 0, 0
10.0730, 551, 581, 0, 0
10.0990, 548, 613, 0, 0
10.1250, 547, 583, 0, 0
10.1510, 546, 586, 0, 0
10.1770, 547, 584, 0, 0
10.2030, 547, 719, 0, 0
10.2300, 548, 640, 0, 0
10.2550, 547, 587, 0, 0
10.2810, 548, 584, 0, 0
10.3070, 548, 590, 0, 0
10.3330, 548, 586, 0, 0
10.3600, 549, 585, 0, 0
10.3850, 548, 586, 0, 0
10.4110, 546, 587, 0, 0
10.4370, 546, 588, 0, 0
10.4630, 544, 589, 0, 0
10.4890, 543, 590, 0, 0
10.5150, 541, 591, 0, 0
10.5410, 538, 591, 0, 0
10.5670, 536, 592, 0, 0
10.5930, 535, 592, 0, 0
10.6190, 533, 593, 0, 0
10.6450, 531, 594, 0, 0
10.6710, 529, 705, 0, 0
10.6980, 528, 597, 0, 0
10.7230, 527, 604, 0, 0
10.7490, 525, 602, 0, 0
10.7750, 521, 600, 0, 0
10.8010, 519, 597, 0, 0
10.8280, 517, 597, 0, 0
10.8530, 517, 628, 0, 0
10.8790, 518, 597, 0, 0
10.9050, 519, 597, 0, 0
10.9310, 520, 596, 0, 0
10.9580, 522, 595, 0, 0
10.9830, 524, 594, 0, 0
11.0090, 526, 591, 0, 0
11.0350, 529, 589, 0, 0
11.0610, 532, 587, 0, 0
11.0870, 535, 586, 0, 0
11.1130, 539, 588, 0, 0
11.1390, 543, 633, 0, 0
11.1650, 546, 584, 0, 0
11.1910, 550, 630, 0, 0
11.2170, 553, 582, 0, 0
11.2430, 555, 619, 0, 0
11.2690, 556, 578, 0, 0
11.2960, 558, 579, 0, 0
11.3210, 558, 576, 0, 0
11.3470, 559, 576, 0, 0
11.3730, 559, 576, 0, 0
11.3990, 558, 577, 0, 0
11.4260, 558, 745, 0, 0
11.4510, 557, 715, 0, 0
11.4770, 556, 583, 0, 0
11.5030, 554, 582, 0, 0
11.5290, 551, 583, 0, 0
11.5550, 548, 677, 0, 0
11.5810, 544, 690, 0, 0
11.6070, 541, 588, 0, 0
11.6330, 539, 643, 0, 0
11.6590, 538, 611, 0, 0
11.6850, 538, 590, 0, 0
11.7110, 539, 705, 0, 0
11.7370, 540, 591, 0, 0
11.7630, 541, 608, 0, 0
11.7890, 541, 647, 0, 0
11.8150, 542, 678, 0, 0
11.8410, 542, 662, 0, 0
11.8670, 542, 661, 0, 0
11.8940, 542, 676, 0, 0
11.9190, 541, 709, 0, 0
11.9450, 541, 700, 0, 0
11.9710, 540, 661, 0, 0
11.9970, 538, 652, 0, 0
12.0240, 538, 652, 0, 0
12.0490, 536, 652, 0, 0
12.0750, 535, 650, 0, 0
12.1010, 534, 651, 0, 0
12.1270, 532, 646, 0, 0
12.1530, 532, 642, 0, 0
12.1790, 532, 713, 0, 0
12.2050, 529, 726, 0, 0
12.2310, 529, 726, 0, 0
12.2570, 528, 602, 0, 0
12.2830, 528, 595, 0, 0
12.3090, 527, 595, 0, 0
12.3350, 527, 596, 0, 0
12.3620, 528, 595, 0, 0
12.3870, 528, 596, 0, 0
12.4130, 528, 596, 0, 0
12.4390, 528, 596, 0, 0
12.4650, 528, 596, 0, 0
12.4920, 529, 596, 0, 0
12.5170, 530, 595, 0, 0
12.5430, 532, 594, 0, 0
12.5690, 534, 592, 0, 0
12.5950, 537, 591, 0, 0
12.6220, 539, 589, 0, 0
12.6470, 542, 586, 0, 0
12.6730, 544, 585, 0, 0
12.6990, 546, 583, 0, 0
12.7250, 548, 582, 0, 0
12.7510, 551, 579, 0, 0
12.7770, 552, 579, 0, 0
12.8030, 553, 579, 0, 0
12.8290, 553, 580, 0, 0
12.8550, 553, 582, 0, 0
12.8810, 553, 583, 0, 0
12.9070, 553, 584, 0, 0
12.9330, 553, 584, 0, 0
12.9600, 553, 584, 0, 0
12.9850, 553, 583, 0, 0
13.0110, 551, 583, 0, 0
13.0370, 550, 583, 0, 0
13.0630, 547, 584, 0, 0
13.0900, 542, 585, 0, 0
13.1150, 538, 587, 0, 0
13.1410, 534, 588, 0, 0
13.1670, 530, 589, 0, 0
13.1930, 528, 591, 0, 0
13.2190, 528, 592, 0, 0
13.2450, 528, 593, 0, 0
13.2710, 529, 593, 0, 0
13.2970, 531, 593, 0, 0
13.3230, 531, 593, 0, 0
13.3490, 532, 594, 0, 0
13.3750, 532, 594, 0, 0
13.4010, 532, 594, 0, 0
13.4270, 531, 594, 0, 0
13.4530, 530, 595, 0, 0
13.4790, 528, 595, 0, 0
13.5050, 525, 596, 0, 0
13.5310, 523, 597, 0, 0
13.5580, 521, 598, 0, 0
13.5830, 516, 599, 0, 0
13.6090, 514, 600, 0, 0
13.6350, 513, 600, 0, 0
13.6610, 512, 601, 0, 0
13.6880, 511, 600, 0, 0
13.7130, 511, 600, 0, 0
13.7390, 512, 599, 0, 0
13.7650, 513, 598, 0, 0
13.7910, 514, 597, 0, 0
13.8170, 515, 596, 0, 0
13.8430, 515, 595, 0, 0
13.8690, 516, 594, 0, 0
13.8950, 516, 593, 0, 0
13.9210, 517, 593, 0, 0
13.9470, 517, 593, 0, 0
13.9730, 517, 594, 0, 0
13.9990, 516, 594, 0, 0
14.0260, 515, 595, 0, 0
14.0510, 514, 595, 0, 0
14.0770, 512, 595, 0, 0
14.1030, 510, 596, 0, 0
14.1290, 508, 597, 0, 0
14.1560, 507, 597, 0, 0
14.1810, 507, 597, 0, 0
14.2070, 508, 597, 0, 0
14.2330, 509, 597, 0, 0
14.2590, 511, 596, 0, 0
14.2860, 513, 595, 0, 0
14.3110, 515, 595, 0, 0
14.3370, 518, 593, 0, 0
14.3630, 520, 593, 0, 0
14.3890, 521, 592, 0, 0
14.4150, 524, 591, 0, 0
14.4410, 525, 591, 0, 0
14.4670, 527, 590, 0, 0
14.4930, 529, 589, 0, 0
14.5190, 530, 588, 0, 0
14.5450, 532, 587, 0, 0
14.5710, 533, 586, 0, 0
14.5970, 534, 586, 0, 0
14.6240, 534, 585, 0, 0
14.6490, 533, 585, 0, 0
14.6750, 533, 586, 0, 0
14.7010, 532, 587, 0, 0
14.7270, 531, 588, 0, 0
14.7540, 530, 589, 0, 0
14.7790, 530, 589, 0, 0
14.8050, 529, 590, 0, 0
14.8310, 529, 591, 0, 0
14.8570, 529, 592, 0, 0
14.8830, 528, 593, 0, 0
14.9090, 528, 595, 0, 0
14.9350, 527, 596, 0, 0
14.9610, 525, 596, 0, 0
14.9870, 525, 597, 0, 0
15.0130, 525, 597, 0, 0
15.0390, 525, 597, 0, 0
15.0650, 525, 597, 0, 0
15.0910, 525, 596, 0, 0
15.1170, 526, 597, 0, 0
15.1430, 527, 597, 0, 0
15.1690, 527, 597, 0, 0
15.1950, 528, 598, 0, 0
15.2220, 527, 597, 0, 0
15.2470, 525, 598, 0, 0
15.2730, 522, 598, 0, 0
15.2990, 519, 599, 0, 0
15.3250, 516, 599, 0, 0
15.3520, 512, 600, 0, 0
15.3770, 508, 601, 0, 0
15.4030, 507, 601, 0, 0
15.4290, 506, 602, 1, 0
15.4550, 504, 593, 1, 0
15.4810, 502, 593, 1, 0
15.5070, 499, 595, 1, 0
15.5330, 496, 602, 1, 0
15.5590, 493, 594, 1, 0
Trial 3 ended
Trial 4 started
time, up, down, lbl_up, lbl_down
0.0000, 502, 610, 1, 0
0.0110, 501, 609, 1, 0
0.0350, 500, 610, 1, 0
0.0600, 498, 601, 1, 0
0.0850, 490, 599, 1, 0
0.1100, 483, 598, 1, 0
0.1360, 479, 651, 1, 0
0.1600, 478, 657, 1, 0
0.1850, 477, 595, 1, 0
0.2100, 477, 617, 1, 0
0.2350, 479, 596, 1, 0
0.2590, 482, 610, 1, 0
0.2850, 486, 597, 1, 0
0.3100, 490, 595, 1, 0
0.3350, 495, 602, 1, 0
0.3600, 499, 594, 1, 0
0.3840, 505, 591, 1, 0
0.4100, 509, 590, 0, 0
0.4350, 514, 594, 0, 0
0.4590, 518, 591, 0, 0
0.4850, 523, 587, 0, 0
0.5090, 526, 599, 0, 0
0.5350, 529, 598, 0, 0
0.5600, 532, 586, 0, 0
0.5840, 536, 682, 0, 0
0.6100, 536, 576, 0, 0
0.6340, 538, 581, 0, 0
0.6590, 538, 576, 0, 0
0.6840, 539, 577, 0, 0
0.7090, 540, 578, 0, 0
0.7350, 540, 580, 0, 0
0.7590, 540, 580, 0, 0
0.7840, 540, 581, 0, 0
0.8090, 539, 583, 0, 0
0.8340, 539, 585, 0, 0
0.8590, 539, 589, 0, 0
0.8840, 537, 587, 0, 0
0.9090, 536, 638, 0, 0
0.9340, 534, 588, 0, 0
0.9590, 532, 588, 0, 0
0.9830, 530, 589, 0, 0
1.0090, 529, 590, 0, 0
1.0340, 527, 590, 0, 0
1.0580, 527, 591, 0, 0
1.0840, 527, 672, 0, 0
1.1080, 527, 628, 0, 0
1.1340, 527, 662, 0, 0
1.1590, 526, 592, 0, 0
1.1830, 525, 597, 0, 0
1.2090, 524, 598, 0, 0
1.2330, 524, 599, 0, 0
1.2580, 523, 674, 0, 0
1.2830, 522, 671, 0, 0
1.3080, 521, 601, 0, 0
1.3340, 521, 667, 0, 0
1.3580, 519, 601, 0, 0
1.3830, 517, 601, 0, 0
1.4080, 517, 596, 0, 0
1.4330, 516, 595, 0, 0
1.4580, 516, 1022, 0, 0
1.4840, 516, 596, 0, 0
1.5090, 516, 596, 0, 0
1.5340, 515, 595, 0, 0
1.5590, 515, 596, 0, 0
1.5840, 515, 596, 0, 0
1.6090, 516, 597, 0, 0
1.6340, 516, 596, 0, 0
1.6580, 516, 598, 0, 0
1.6840, 516, 665, 0, 0
1.7080, 516, 650, 0, 0
1.7340, 517, 594, 0, 0
1.7590, 517, 594, 0, 0
1.7830, 517, 596, 0, 0
1.8090, 518, 595, 0, 0
1.8330, 518, 596, 0, 0
1.8580, 517, 597, 0, 0
1.8840, 517, 596, 0, 0
1.9080, 517, 596, 0, 0
1.9340, 518, 595, 0, 0
1.9580, 518, 602, 0, 0
1.9830, 519, 592, 0, 0
2.0080, 520, 649, 0, 0
2.0330, 522, 590, 0, 0
2.0580, 523, 638, 0, 0
2.0830, 525, 584, 0, 0
2.1080, 528, 600, 0, 0
2.1330, 531, 579, 0, 0
2.1580, 533, 1023, 0, 0
2.1840, 536, 1023, 0, 0
2.2100, 538, 1023, 0, 0
2.2360, 539, 1023, 0, 0
2.2610, 540, 1023, 0, 0
2.2880, 540, 1023, 0, 0
2.3140, 541, 1023, 0, 0
2.3400, 539, 1023, 0, 0
2.3660, 539, 1023, 0, 0
2.3910, 538, 1023, 0, 0
2.4180, 537, 1023, 0, 0
2.4440, 535, 1023, 0, 0
2.4700, 532, 1023, 0, 0
2.4960, 531, 1023, 0, 0
2.5210, 528, 1023, 0, 0
2.5480, 526, 1023, 0, 0
2.5740, 524, 1023, 0, 0
2.6000, 522, 1023, 0, 0
2.6260, 519, 1023, 0, 0
2.6520, 518, 1023, 0, 0
2.6780, 518, 1023, 0, 0
2.7040, 517, 1023, 0, 0
2.7290, 517, 1023, 0, 0
2.7560, 517, 1023, 0, 0
2.7820, 516, 1023, 0, 0
2.8080, 516, 1023, 0, 0
2.8340, 517, 1023, 0, 0
2.8590, 517, 1023, 0, 0
2.8860, 517, 1023, 0, 0
2.9120, 518, 1023, 0, 0
2.9380, 518, 1023, 0, 0
2.9640, 518, 1023, 0, 0
2.9890, 519, 1023, 0, 0
3.0160, 519, 1023, 0, 0
3.0420, 519, 1023, 0, 0
3.0680, 519, 1023, 0, 0
3.0940, 520, 1023, 0, 0
3.1200, 519, 1023, 0, 0
3.1460, 520, 1023, 0, 0
3.1720, 520, 1023, 0, 0
3.1980, 520, 1023, 0, 0
3.2240, 520, 1023, 0, 0
3.2500, 519, 1023, 0, 0
3.2760, 520, 1023, 0, 0
3.3020, 521, 1023, 0, 0
3.3270, 521, 1023, 0, 0
3.3540, 521, 1023, 0, 0
3.3800, 521, 1023, 0, 0
3.4060, 522, 1023, 0, 0
3.4320, 522, 1023, 0, 0
3.4570, 523, 1023, 0, 0
3.4840, 523, 1023, 0, 0
3.5100, 524, 1023, 0, 0
3.5360, 524, 1023, 0, 0
3.5620, 524, 1023, 0, 0
3.5870, 524, 1023, 0, 0
3.6140, 524, 1023, 0, 0
3.6400, 524, 1023, 0, 0
3.6660, 522, 1023, 0, 0
3.6920, 522, 1023, 0, 0
3.7180, 521, 1023, 0, 0
3.7440, 522, 1023, 0, 0
3.7700, 522, 1023, 0, 0
3.7960, 524, 1023, 0, 0
3.8220, 524, 1023, 0, 0
3.8480, 525, 1023, 0, 0
3.8740, 526, 1023, 0, 0
3.9000, 527, 1023, 0, 0
3.9250, 528, 1023, 0, 0
3.9520, 529, 1023, 0, 0
3.9780, 530, 1023, 0, 0
4.0040, 531, 1023, 0, 0
4.0300, 532, 1023, 0, 0
4.0550, 532, 1023, 0, 0
4.0820, 534, 1023, 0, 0
4.1080, 535, 1023, 0, 0
4.1340, 537, 1023, 0, 0
4.1600, 538, 1023, 0, 0
4.1850, 538, 1023, 0, 0
4.2120, 538, 1023, 0, 0
4.2380, 538, 1023, 0, 0
4.2640, 537, 1023, 0, 0
4.2900, 537, 1023, 0, 0
4.3160, 537, 1023, 0, 0
4.3420, 536, 1023, 0, 0
4.3680, 535, 1023, 0, 0
4.3930, 534, 1023, 0, 0
4.4200, 533, 1023, 0, 0
4.4460, 532, 1023, 0, 0
4.4720, 521, 1023, 0, 0
4.4980, 521, 1023, 0, 0
4.5230, 522, 1023, 0, 0
4.5500, 523, 1023, 0, 0
4.5760, 523, 1023, 0, 0
4.6020, 523, 1023, 0, 0
4.6280, 523, 1023, 0, 0
4.6530, 523, 1023, 0, 0
4.6800, 522, 1023, 0, 0
4.7060, 522, 1023, 0, 0
4.7320, 521, 1023, 0, 0
4.7580, 521, 1023, 0, 0
4.7840, 520, 1023, 0, 0
4.8100, 520, 1023, 0, 0
4.8360, 521, 1023, 0, 0
4.8620, 520, 1023, 0, 0
4.8880, 521, 1023, 0, 0
4.9140, 522, 1023, 0, 0
4.9400, 523, 1023, 0, 0
4.9660, 523, 1023, 0, 0
4.9910, 524, 1023, 0, 0
5.0180, 524, 1023, 0, 0
5.0440, 524, 1023, 0, 0
5.0700, 524, 1023, 0, 0
5.0960, 523, 1023, 0, 0
5.1210, 523, 1023, 0, 0
5.1480, 522, 1023, 0, 0
5.1740, 522, 1023, 0, 0
5.2000, 521, 1023, 0, 0
5.2260, 522, 1023, 0, 0
5.2510, 522, 1023, 0, 0
5.2780, 520, 1023, 0, 0
5.3040, 518, 1023, 0, 0
5.3300, 519, 1023, 0, 0
5.3560, 520, 1023, 0, 0
5.3820, 520, 1023, 0, 0
5.4080, 520, 1023, 0, 0
5.4340, 520, 1023, 0, 0
5.4600, 520, 1023, 0, 0
5.4860, 522, 1023, 0, 0
5.5120, 527, 1023, 0, 0
5.5380, 525, 1023, 0, 0
5.5640, 528, 1023, 0, 0
5.5890, 531, 1023, 0, 0
5.6160, 530, 1023, 0, 0
5.6420, 530, 1023, 0, 0
5.6680, 533, 1023, 0, 0
5.6940, 534, 1023, 0, 0
5.7190, 536, 1023, 0, 0
5.7460, 537, 1023, 0, 0
5.7720, 537, 1023, 0, 0
5.7980, 538, 1023, 0, 0
5.8240, 537, 1023, 0, 0
5.8490, 536, 1023, 0, 0
5.8760, 536, 1023, 0, 0
5.9020, 536, 1023, 0, 0
5.9280, 534, 1023, 0, 0
5.9540, 533, 588, 0, 0
5.9790, 533, 595, 0, 0
6.0040, 531, 1023, 0, 0
6.0300, 530, 1023, 0, 0
6.0550, 528, 1023, 0, 0
6.0820, 526, 1023, 0, 0
6.1080, 525, 1023, 0, 0
6.1340, 523, 1023, 0, 0
6.1600, 521, 1023, 0, 0
6.1850, 521, 711, 0, 0
6.2110, 520, 591, 0, 0
6.2360, 520, 591, 0, 0
6.2610, 520, 590, 0, 0
6.2860, 520, 590, 0, 0
6.3100, 520, 588, 0, 0
6.3360, 520, 587, 0, 0
6.3600, 521, 587, 0, 0
6.3850, 521, 587, 0, 0
6.4110, 521, 587, 0, 0
6.4350, 521, 589, 0, 0
6.4610, 520, 589, 0, 0
6.4850, 520, 589, 0, 0
6.5100, 520, 589, 0, 0
6.5360, 519, 590, 0, 0
6.5600, 519, 590, 0, 0
6.5850, 519, 591, 0, 0
6.6100, 518, 590, 0, 0
6.6350, 519, 590, 0, 0
6.6610, 519, 590, 0, 0
6.6850, 519, 591, 0, 0
6.7100, 519, 591, 0, 0
6.7350, 519, 590, 0, 0
6.7600, 519, 591, 0, 0
6.7840, 517, 591, 0, 0
6.8100, 517, 591, 0, 0
6.8350, 517, 591, 0, 0
6.8600, 516, 592, 0, 0
6.8850, 515, 592, 0, 0
6.9090, 514, 593, 0, 0
6.9350, 512, 593, 0, 0
6.9600, 512, 594, 0, 0
6.9840, 512, 594, 0, 0
7.0100, 512, 594, 0, 0
7.0340, 513, 594, 0, 0
7.0600, 514, 592, 0, 0
7.0840, 516, 591, 0, 0
7.1090, 517, 590, 0, 0
7.1350, 518, 587, 0, 0
7.1590, 519, 585, 0, 0
7.1840, 521, 583, 0, 0
7.2090, 522, 581, 0, 0
7.2340, 524, 581, 0, 0
7.2600, 526, 580, 0, 0
7.2840, 527, 578, 0, 0
7.3090, 529, 577, 0, 0
7.3340, 531, 575, 0, 0
7.3590, 533, 574, 0, 0
7.3830, 535, 573, 0, 0
7.4090, 537, 571, 0, 0
7.4340, 539, 570, 0, 0
7.4590, 541, 569, 0, 0
7.4840, 543, 567, 0, 0
7.5080, 545, 567, 0, 0
7.5340, 546, 567, 0, 0
7.5590, 547, 566, 0, 0
7.5830, 547, 566, 0, 0
7.6090, 547, 568, 0, 0
7.6330, 546, 570, 0, 0
7.6590, 546, 571, 0, 0
7.6830, 546, 573, 0, 0
7.7080, 545, 574, 0, 0
7.7340, 544, 575, 0, 0
7.7580, 543, 577, 0, 0
7.7830, 541, 578, 0, 0
7.8080, 540, 579, 0, 0
7.8330, 540, 579, 0, 0
7.8590, 540, 579, 0, 0
7.8830, 540, 580, 0, 0
7.9080, 540, 581, 0, 0
7.9330, 540, 581, 0, 0
7.9580, 541, 580, 0, 0
7.9820, 540, 580, 0, 0
8.0080, 540, 581, 0, 0
8.0330, 540, 582, 0, 0
8.0580, 540, 583, 0, 0
8.0830, 539, 584, 0, 0
8.1070, 538, 585, 0, 0
8.1330, 537, 585, 0, 0
8.1580, 537, 586, 0, 0
8.1820, 536, 586, 0, 0
8.2080, 535, 586, 0, 0
8.2320, 535, 587, 0, 0
8.2580, 535, 586, 0, 0
8.2830, 535, 586, 0, 0
8.3070, 535, 586, 0, 0
8.3330, 535, 586, 0, 0
8.3570, 535, 585, 0, 0
8.3820, 535, 585, 0, 0
8.4070, 535, 586, 0, 0
8.4320, 534, 586, 0, 0
8.4580, 532, 586, 0, 0
8.4820, 532, 587, 0, 0
8.5070, 531, 587, 0, 0
8.5320, 530, 587, 0, 0
8.5570, 530, 588, 0, 0
8.5820, 529, 588, 0, 0
8.6070, 529, 588, 0, 0
8.6320, 529, 588, 0, 0
8.6570, 529, 589, 0, 0
8.6820, 529, 589, 0, 0
8.7060, 528, 589, 0, 0
8.7320, 529, 589, 0, 0
8.7570, 528, 589, 0, 0
8.7810, 528, 589, 0, 0
8.8070, 528, 588, 0, 0
8.8310, 528, 589, 0, 0
8.8570, 529, 590, 0, 0
8.8820, 529, 588, 0, 0
8.9060, 530, 588, 0, 0
8.9320, 530, 587, 0, 0
8.9560, 532, 586, 0, 0
8.9810, 532, 586, 0, 0
9.0060, 533, 585, 0, 0
9.0310, 533, 585, 0, 0
9.0570, 533, 585, 0, 0
9.0810, 533, 585, 0, 0
9.1060, 532, 585, 0, 0
9.1310, 532, 586, 0, 0
9.1560, 532, 585, 0, 0
9.1810, 532, 585, 0, 0
9.2060, 532, 584, 0, 0
9.2310, 533, 584, 0, 0
9.2560, 534, 585, 0, 0
9.2810, 535, 585, 0, 0
9.3050, 535, 586, 0, 0
9.3310, 535, 587, 0, 0
9.3560, 534, 589, 0, 0
9.3800, 534, 589, 0, 0
9.4060, 533, 590, 0, 0
9.4300, 532, 591, 0, 0
9.4560, 531, 591, 0, 0
9.4810, 530, 591, 0, 0
9.5050, 530, 591, 0, 0
9.5310, 530, 591, 0, 0
9.5550, 529, 590, 0, 0
9.5800, 530, 588, 0, 0
9.6060, 531, 588, 0, 0
9.6300, 531, 587, 0, 0
9.6560, 532, 586, 0, 0
9.6800, 533, 585, 0, 0
9.7050, 533, 585, 0, 0
9.7300, 533, 586, 0, 0
9.7550, 533, 586, 0, 0
9.7800, 532, 587, 0, 0
9.8050, 530, 588, 0, 0
9.8300, 530, 588, 0, 0
9.8550, 527, 589, 0, 0
9.8800, 525, 591, 0, 0
9.9050, 524, 591, 0, 0
9.9300, 522, 592, 0, 0
9.9550, 521, 593, 0, 0
9.9790, 521, 593, 0, 0
10.0050, 520, 593, 0, 0
10.0300, 519, 594, 0, 0
10.0570, 519, 594, 0, 0
10.0830, 519, 594, 0, 0
10.1080, 517, 594, 0, 0
10.1350, 516, 594, 0, 0
10.1610, 515, 595, 0, 0
10.1870, 515, 595, 0, 0
10.2130, 514, 595, 0, 0
10.2380, 513, 595, 0, 0
10.2650, 512, 596, 0, 0
10.2910, 512, 596, 0, 0
10.3160, 512, 596, 0, 0
10.3430, 512, 596, 0, 0
10.3680, 513, 595, 0, 0
10.3950, 515, 595, 0, 0
10.4210, 516, 592, 0, 0
10.4460, 517, 591, 0, 0
10.4730, 519, 588, 0, 0
10.4980, 520, 587, 0, 0
10.5250, 521, 586, 0, 0
10.5510, 523, 585, 0, 0
10.5760, 524, 586, 0, 0
10.6030, 525, 585, 0, 0
10.6290, 527, 584, 0, 0
10.6550, 528, 583, 0, 0
10.6810, 530, 581, 0, 0
10.7060, 533, 579, 0, 0
10.7330, 535, 576, 0, 0
10.7590, 537, 575, 0, 0
10.7850, 539, 573, 0, 0
10.8110, 542, 572, 0, 0
10.8360, 543, 572, 0, 0
10.8630, 544, 571, 0, 0
10.8890, 544, 570, 0, 0
10.9140, 544, 571, 0, 0
10.9410, 544, 573, 0, 0
10.9660, 543, 574, 0, 0
10.9930, 541, 576, 0, 0
11.0190, 539, 579, 0, 0
11.0440, 536, 580, 0, 0
11.0710, 532, 581, 0, 0
11.0960, 528, 583, 0, 0
11.1230, 526, 585, 0, 0
11.1490, 525, 587, 0, 0
11.1740, 525, 589, 0, 0
11.2010, 524, 589, 0, 0
11.2270, 524, 590, 0, 0
11.2530, 525, 589, 0, 0
11.2790, 526, 588, 0, 0
11.3040, 528, 587, 0, 0
11.3310, 529, 586, 0, 0
11.3570, 530, 585, 0, 0
11.3820, 531, 585, 0, 0
11.4090, 531, 585, 0, 0
11.4340, 531, 585, 0, 0
11.4610, 531, 585, 0, 0
11.4870, 531, 587, 0, 0
11.5120, 530, 587, 0, 0
11.5390, 529, 588, 0, 0
11.5640, 528, 588, 0, 0
11.5910, 527, 589, 0, 0
11.6170, 525, 590, 0, 0
11.6420, 523, 591, 0, 0
11.6690, 521, 591, 0, 0
11.6940, 520, 592, 0, 0
11.7210, 520, 593, 0, 0
11.7470, 518, 593, 0, 0
11.7720, 519, 594, 0, 0
11.7990, 520, 593, 0, 0
11.8250, 522, 593, 0, 0
11.8510, 523, 592, 0, 0
11.8770, 524, 591, 0, 0
11.9020, 524, 589, 0, 0
11.9290, 525, 589, 0, 0
11.9550, 525, 590, 0, 0
11.9800, 523, 592, 0, 0
12.0070, 521, 592, 0, 0
12.0320, 520, 593, 0, 0
12.0590, 519, 594, 0, 0
12.0850, 519, 594, 0, 0
12.1100, 520, 593, 0, 0
12.1370, 521, 593, 0, 0
12.1620, 523, 592, 0, 0
12.1890, 524, 590, 0, 0
12.2150, 525, 589, 0, 0
12.2400, 526, 588, 0, 0
12.2670, 527, 587, 0, 0
12.2930, 528, 585, 0, 0
12.3190, 529, 584, 0, 0
12.3450, 530, 583, 0, 0
12.3700, 531, 582, 0, 0
12.3970, 532, 581, 0, 0
12.4230, 533, 581, 0, 0
12.4490, 532, 580, 0, 0
12.4750, 533, 579, 0, 0
12.5000, 534, 579, 0, 0
12.5270, 534, 579, 0, 0
12.5530, 534, 580, 0, 0
12.5780, 534, 581, 0, 0
12.6050, 534, 582, 0, 0
12.6300, 534, 583, 0, 0
12.6570, 533, 586, 0, 0
12.6830, 531, 589, 0, 0
12.7080, 530, 590, 0, 0
12.7350, 529, 591, 0, 0
12.7600, 528, 591, 0, 0
12.7870, 527, 591, 0, 0
12.8130, 526, 591, 0, 0
12.8380, 527, 590, 0, 0
12.8650, 527, 589, 0, 0
12.8910, 527, 589, 0, 0
12.9170, 528, 588, 0, 0
12.9430, 529, 588, 0, 0
12.9680, 530, 588, 0, 0
12.9950, 530, 588, 0, 0
13.0210, 530, 589, 0, 0
13.0460, 529, 590, 0, 0
13.0730, 528, 591, 0, 0
13.0980, 527, 592, 0, 0
13.1250, 526, 592, 0, 0
13.1510, 526, 592, 0, 0
13.1760, 526, 592, 0, 0
13.2030, 526, 592, 0, 0
13.2280, 525, 592, 0, 0
13.2550, 524, 592, 0, 0
13.2810, 523, 593, 0, 0
13.3060, 522, 594, 0, 0
13.3330, 522, 593, 0, 0
13.3580, 520, 593, 0, 0
13.3850, 520, 594, 0, 0
13.4110, 519, 594, 0, 0
13.4360, 517, 595, 0, 0
13.4630, 517, 595, 0, 0
13.4890, 516, 595, 0, 0
13.5150, 516, 595, 0, 0
13.5410, 516, 595, 0, 0
13.5660, 515, 595, 0, 0
13.5930, 515, 595, 0, 0
13.6190, 514, 596, 0, 0
13.6440, 512, 596, 0, 0
13.6710, 509, 598, 0, 0
13.6960, 506, 598, 1, 0
13.7230, 503, 741, 1, 0
13.7490, 501, 592, 1, 0
13.7740, 501, 602, 1, 0
13.8010, 500, 602, 1, 0
13.8260, 501, 592, 1, 0
13.8530, 503, 594, 1, 0
13.8790, 505, 601, 1, 0
13.9040, 507, 599, 0, 0
13.9310, 510, 598, 0, 0
13.9570, 513, 597, 0, 0
13.9830, 516, 594, 0, 0
14.0090, 518, 661, 0, 0
14.0340, 520, 852, 0, 0
14.0610, 521, 684, 0, 0
14.0870, 522, 622, 0, 0
14.1130, 522, 592, 0, 0
14.1390, 520, 601, 0, 0
14.1640, 519, 593, 0, 0
14.1910, 516, 594, 0, 0
14.2170, 513, 595, 0, 0
14.2420, 513, 596, 0, 0
14.2690, 512, 597, 0, 0
14.2940, 509, 597, 0, 0
14.3210, 508, 607, 0, 0
14.3470, 507, 652, 0, 0
14.3720, 506, 687, 1, 0
14.3990, 503, 605, 1, 0
14.4240, 503, 593, 1, 0
14.4510, 502, 594, 1, 0
14.4770, 502, 595, 1, 0
14.5020, 502, 603, 1, 0
14.5290, 503, 593, 1, 0
14.5550, 503, 589, 1, 0
14.5810, 504, 593, 1, 0
14.6070, 505, 596, 1, 0
14.6320, 506, 588, 1, 0
14.6590, 507, 587, 0, 0
14.6850, 507, 598, 0, 0
14.7100, 507, 599, 0, 0
14.7370, 508, 600, 0, 0
14.7620, 507, 601, 0, 0
14.7890, 507, 603, 0, 0
14.8150, 507, 600, 0, 0
14.8400, 506, 601, 1, 0
14.8670, 506, 594, 1, 0
14.8920, 505, 602, 1, 0
14.9190, 504, 602, 1, 0
14.9450, 503, 594, 1, 0
14.9700, 502, 747, 1, 0
14.9970, 502, 606, 1, 0
15.0220, 502, 607, 1, 0
15.0490, 502, 599, 1, 0
15.0750, 502, 603, 1, 0
15.1000, 503, 643, 1, 0
15.1270, 503, 717, 1, 0
15.1530, 507, 596, 0, 0
15.1790, 504, 604, 1, 0
15.2050, 505, 601, 1, 0
15.2300, 504, 604, 1, 0
15.2570, 504, 663, 1, 0
15.2830, 502, 649, 1, 0
15.3080, 500, 657, 1, 0
15.3350, 500, 610, 1, 0
15.3600, 500, 680, 1, 0
15.3870, 500, 664, 1, 0
15.4130, 501, 671, 1, 0
15.4380, 502, 601, 1, 0
15.4650, 503, 592, 1, 0
15.4900, 505, 593, 1, 0
15.5170, 505, 733, 1, 0
15.5430, 506, 640, 1, 0
15.5680, 508, 624, 0, 0
15.5950, 509, 631, 0, 0
15.6210, 510, 631, 0, 0
15.6470, 511, 635, 0, 0
15.6730, 512, 713, 0, 0
15.6980, 512, 647, 0, 0
15.7250, 510, 591, 0, 0
15.7510, 510, 590, 0, 0
15.7770, 510, 589, 0, 0
15.8030, 509, 589, 0, 0
15.8280, 509, 590, 0, 0
15.8550, 509, 592, 0, 0
15.8810, 509, 593, 0, 0
15.9060, 510, 595, 0, 0
15.9330, 509, 598, 0, 0
15.9580, 508, 598, 0, 0
15.9850, 507, 601, 0, 0
16.0110, 506, 600, 1, 0
16.0360, 504, 672, 1, 0
16.0630, 505, 628, 1, 0
16.0880, 505, 617, 1, 0
16.1150, 506, 621, 1, 0
16.1410, 507, 629, 0, 0
16.1660, 509, 627, 0, 0
16.1930, 510, 625, 0, 0
16.2190, 510, 623, 0, 0
16.2450, 511, 622, 0, 0
16.2710, 511, 624, 0, 0
16.2960, 509, 625, 0, 0
16.3230, 509, 625, 0, 0
16.3490, 507, 627, 0, 0
16.3740, 507, 621, 0, 0
16.4010, 506, 617, 1, 0
16.4260, 505, 618, 1, 0
16.4530, 505, 618, 1, 0
16.4790, 505, 620, 1, 0
16.5040, 505, 618, 1, 0
16.5310, 504, 680, 1, 0
16.5560, 504, 703, 1, 0
16.5830, 504, 623, 1, 0
16.6090, 503, 624, 1, 0
16.6340, 502, 629, 1, 0
16.6610, 502, 721, 1, 0
16.6860, 502, 719, 1, 0
16.7130, 503, 737, 1, 0
16.7390, 502, 641, 1, 0
16.7640, 503, 626, 1, 0
16.7910, 502, 616, 1, 0
16.8170, 502, 709, 1, 0
16.8430, 501, 677, 1, 0
16.8690, 498, 660, 1, 0
16.8940, 490, 596, 1, 0
16.9210, 479, 600, 1, 0
16.9470, 463, 606, 1, 0
16.9720, 447, 613, 1, 0
16.9990, 440, 615, 1, 0
17.0240, 437, 645, 1, 0
17.0510, 435, 621, 1, 0
17.0770, 436, 622, 1, 0
17.1020, 439, 621, 1, 0
17.1290, 443, 618, 1, 0
17.1540, 451, 611, 1, 0
17.1810, 459, 676, 1, 0
17.2070, 465, 610, 1, 0
17.2320, 471, 600, 1, 0
17.2590, 475, 596, 1, 0
17.2850, 481, 591, 1, 0
17.3110, 487, 621, 1, 0
17.3370, 493, 681, 1, 0
17.3620, 496, 595, 1, 0
17.3890, 501, 586, 1, 0
17.4150, 504, 688, 1, 0
17.4410, 507, 648, 0, 0
17.4670, 509, 693, 0, 0
17.4920, 511, 669, 0, 0
17.5190, 512, 815, 0, 0
17.5450, 513, 732, 0, 0
17.5700, 514, 728, 0, 0
17.5970, 514, 721, 0, 0
17.6220, 514, 727, 0, 0
17.6490, 514, 726, 0, 0
17.6750, 514, 624, 0, 0
17.7000, 513, 661, 0, 0
17.7270, 513, 653, 0, 0
17.7520, 512, 746, 0, 0
17.7790, 510, 589, 0, 0
17.8050, 508, 593, 0, 0
17.8300, 507, 593, 0, 0
17.8570, 506, 595, 1, 0
17.8830, 505, 595, 1, 0
17.9090, 505, 588, 1, 0
17.9350, 504, 587, 1, 0
17.9600, 504, 596, 1, 0
17.9870, 504, 597, 1, 0
18.0130, 504, 586, 1, 0
18.0380, 505, 588, 1, 0
18.0650, 504, 597, 1, 0
18.0900, 505, 597, 1, 0
18.1170, 507, 686, 0, 0
18.1430, 506, 640, 1, 0
18.1680, 507, 596, 0, 0
18.1950, 507, 599, 0, 0
18.2200, 507, 596, 0, 0
18.2470, 507, 609, 0, 0
18.2730, 508, 655, 0, 0
18.2980, 507, 599, 0, 0
Trial 4 ended
